{"producer":{"name":"Blender","version":"2.78 (sub 0)","exporter_version":"5.4.0","file":"animations_claw.babylon"},
"autoClear":true,"clearColor":[0.0509,0.0509,0.0509],"ambientColor":[0,0,0],"gravity":[0,-9.81,0],
"materials":[{"name":"animations_claw.Material","id":"animations_claw.Material","ambient":[0.8,0.8,0.8],"diffuse":[0.64,0.64,0.64],"specular":[0.5,0.5,0.5],"emissive":[0,0,0],"specularPower":50,"alpha":1,"backFaceCulling":true,"checkReadyOnlyOnce":false,"maxSimultaneousLights":4}],
"multiMaterials":[],
"skeletons":[{"name":"Arm_Claw","id":0,"dimensionsAtRest":[0.1107,9.4536,8.1107],"bones":[
{"name":"3_top_rotate_child","index":0,"matrix":[-0.9994,0.0127,-0.0336,0,0.0118,-0.7661,-0.6426,0,0.0339,0.6425,-0.7655,0,-0.0283,17.8847,-4.0008,1],"rest":[-0.9994,0.0127,-0.0336,0,0.0118,-0.7661,-0.6426,0,0.0339,0.6425,-0.7655,0,-0.0283,17.8847,-4.0008,1],"parentBoneIndex":-1,"length":1.8447
,"animation":{"dataType":3,"framePerSecond":60,"keys":[
{"frame":0,"values":[-0.9994,0.0127,-0.0336,0,0.0118,-0.7661,-0.6426,0,0.0339,0.6425,-0.7655,0,-0.0283,17.8847,-4.0008,1]},
{"frame":60,"values":[-0.9994,0.0127,-0.0336,0,0.0118,-0.7661,-0.6426,0,0.0339,0.6425,-0.7655,0,-0.0283,17.8847,-4.0008,1]}],"loopBehavior":1,"name":"anim","property":"_matrix"}},
{"name":"claw_follow_Arm","index":1,"matrix":[0.9995,-0.0128,-0.03,0,0.0128,0.9999,-0.0002,0,0.03,-0.0002,0.9996,0,0.0315,1.9591,0.0052,1],"rest":[0.9995,-0.0128,-0.03,0,0.0128,0.9999,-0.0002,0,0.03,-0.0002,0.9996,0,0.0315,1.9591,0.0052,1],"parentBoneIndex":0,"length":2.3399
,"animation":{"dataType":3,"framePerSecond":60,"keys":[
{"frame":0,"values":[0.9995,-0.0128,-0.03,0,0.0128,0.9999,-0.0002,0,0.03,-0.0002,0.9996,0,0.0315,1.9591,0.0052,1]},
{"frame":60,"values":[0.9995,-0.0128,-0.03,0,0.0128,0.9999,-0.0002,0,0.03,-0.0002,0.9996,0,0.0315,1.9591,0.0052,1]}],"loopBehavior":1,"name":"anim","property":"_matrix"}},
{"name":"gear1_bone","index":2,"matrix":[0.9999,-0.0104,0,0,0.0103,0.9897,-0.1428,0,0.0015,0.1427,0.9898,0,-0.0294,4.0002,-1.0853,1],"rest":[0.9999,-0.0104,0,0,0.0103,0.9897,-0.1428,0,0.0015,0.1428,0.9898,0,-0.0294,4.0002,-1.0853,1],"parentBoneIndex":1,"length":2.8604
,"animation":{"dataType":3,"framePerSecond":60,"keys":[
{"frame":0,"values":[0.9999,-0.0104,0,0,0.0103,0.9897,-0.1428,0,0.0015,0.1427,0.9898,0,-0.0294,4.0002,-1.0853,1]},
{"frame":1,"values":[0.9999,-0.0104,0,0,0.0103,0.9881,-0.1533,0,0.0016,0.1532,0.9882,0,-0.0294,4.0002,-1.0853,1]},
{"frame":2,"values":[0.9999,-0.0104,0,0,0.0103,0.9834,-0.1811,0,0.0019,0.181,0.9835,0,-0.0294,4.0002,-1.0853,1]},
{"frame":3,"values":[0.9999,-0.0104,0,0,0.0102,0.9781,-0.208,0,0.0022,0.208,0.9781,0,-0.0294,4.0002,-1.0853,1]},
{"frame":4,"values":[0.9999,-0.0104,0,0,0.0101,0.9732,-0.2296,0,0.0024,0.2296,0.9733,0,-0.0294,4.0002,-1.0853,1]},
{"frame":5,"values":[0.9999,-0.0104,0,0,0.0101,0.9679,-0.2511,0,0.0026,0.2511,0.968,0,-0.0294,4.0002,-1.0853,1]},
{"frame":6,"values":[0.9999,-0.0104,0,0,0.01,0.9621,-0.2724,0,0.0028,0.2724,0.9622,0,-0.0294,4.0002,-1.0853,1]},
{"frame":7,"values":[0.9999,-0.0104,0,0,0.01,0.9559,-0.2936,0,0.0031,0.2936,0.9559,0,-0.0294,4.0002,-1.0853,1]},
{"frame":8,"values":[0.9999,-0.0104,0,0,0.0099,0.9491,-0.3147,0,0.0033,0.3147,0.9492,0,-0.0294,4.0002,-1.0853,1]},
{"frame":9,"values":[0.9999,-0.0104,0,0,0.0098,0.942,-0.3356,0,0.0035,0.3356,0.942,0,-0.0294,4.0002,-1.0853,1]},
{"frame":10,"values":[0.9999,-0.0104,0,0,0.0097,0.9343,-0.3563,0,0.0037,0.3563,0.9344,0,-0.0294,4.0002,-1.0853,1]},
{"frame":11,"values":[0.9999,-0.0104,0,0,0.0097,0.9262,-0.3769,0,0.0039,0.3769,0.9263,0,-0.0294,4.0002,-1.0853,1]},
{"frame":12,"values":[0.9999,-0.0104,0,0,0.0096,0.9177,-0.3973,0,0.0041,0.3972,0.9177,0,-0.0294,4.0002,-1.0853,1]},
{"frame":13,"values":[0.9999,-0.0104,0,0,0.0095,0.9086,-0.4176,0,0.0044,0.4176,0.9086,0,-0.0294,4.0002,-1.0853,1]},
{"frame":14,"values":[0.9999,-0.0104,0,0,0.0094,0.8991,-0.4377,0,0.0046,0.4377,0.8991,0,-0.0294,4.0002,-1.0853,1]},
{"frame":15,"values":[0.9999,-0.0104,0,0,0.0093,0.8893,-0.4572,0,0.0048,0.4572,0.8894,0,-0.0294,4.0002,-1.0853,1]},
{"frame":16,"values":[0.9999,-0.0104,0,0,0.0092,0.8795,-0.4758,0,0.005,0.4757,0.8796,0,-0.0294,4.0002,-1.0853,1]},
{"frame":17,"values":[0.9999,-0.0104,0,0,0.0091,0.8696,-0.4937,0,0.0051,0.4936,0.8697,0,-0.0294,4.0002,-1.0853,1]},
{"frame":18,"values":[0.9999,-0.0104,0,0,0.009,0.8588,-0.5122,0,0.0053,0.5121,0.8589,0,-0.0294,4.0002,-1.0853,1]},
{"frame":19,"values":[0.9999,-0.0104,0,0,0.0088,0.8469,-0.5316,0,0.0055,0.5316,0.847,0,-0.0294,4.0002,-1.0853,1]},
{"frame":20,"values":[0.9999,-0.0104,0,0,0.0087,0.8341,-0.5516,0,0.0058,0.5515,0.8341,0,-0.0294,4.0002,-1.0853,1]},
{"frame":21,"values":[0.9999,-0.0104,0,0,0.0086,0.821,-0.5708,0,0.006,0.5708,0.8211,0,-0.0294,4.0002,-1.0853,1]},
{"frame":22,"values":[0.9999,-0.0104,0,0,0.0084,0.808,-0.5891,0,0.0061,0.589,0.8081,0,-0.0294,4.0002,-1.0853,1]},
{"frame":23,"values":[0.9999,-0.0104,0,0,0.0083,0.7949,-0.6067,0,0.0063,0.6066,0.795,0,-0.0294,4.0002,-1.0853,1]},
{"frame":24,"values":[0.9999,-0.0104,0,0,0.0081,0.7814,-0.624,0,0.0065,0.6239,0.7814,0,-0.0294,4.0002,-1.0853,1]},
{"frame":25,"values":[0.9999,-0.0104,0,0,0.008,0.7672,-0.6414,0,0.0067,0.6413,0.7672,0,-0.0294,4.0002,-1.0853,1]},
{"frame":26,"values":[0.9999,-0.0104,0,0,0.0078,0.7526,-0.6585,0,0.0069,0.6584,0.7526,0,-0.0294,4.0002,-1.0853,1]},
{"frame":27,"values":[0.9999,-0.0104,0,0,0.0077,0.7383,-0.6744,0,0.007,0.6744,0.7384,0,-0.0294,4.0002,-1.0853,1]},
{"frame":28,"values":[0.9999,-0.0104,0,0,0.0076,0.7249,-0.6888,0,0.0072,0.6888,0.7249,0,-0.0294,4.0002,-1.0853,1]},
{"frame":29,"values":[0.9999,-0.0104,0,0,0.0074,0.712,-0.7022,0,0.0073,0.7021,0.712,0,-0.0294,4.0002,-1.0853,1]},
{"frame":30,"values":[0.9999,-0.0104,0,0,0.0073,0.6983,-0.7158,0,0.0075,0.7157,0.6983,0,-0.0294,4.0002,-1.0853,1]},
{"frame":31,"values":[0.9999,-0.0104,0,0,0.0071,0.6835,-0.7299,0,0.0076,0.7299,0.6835,0,-0.0294,4.0002,-1.0853,1]},
{"frame":32,"values":[0.9999,-0.0104,0,0,0.007,0.6679,-0.7443,0,0.0078,0.7442,0.6679,0,-0.0294,4.0002,-1.0853,1]},
{"frame":33,"values":[0.9999,-0.0104,0,0,0.0068,0.652,-0.7582,0,0.0079,0.7582,0.652,0,-0.0294,4.0002,-1.0853,1]},
{"frame":34,"values":[0.9999,-0.0104,0,0,0.0066,0.6361,-0.7716,0,0.008,0.7715,0.6361,0,-0.0294,4.0002,-1.0853,1]},
{"frame":35,"values":[0.9999,-0.0104,0,0,0.0065,0.62,-0.7846,0,0.0082,0.7845,0.62,0,-0.0294,4.0002,-1.0853,1]},
{"frame":36,"values":[0.9999,-0.0104,0,0,0.0063,0.6031,-0.7977,0,0.0083,0.7976,0.6031,0,-0.0294,4.0002,-1.0853,1]},
{"frame":37,"values":[0.9999,-0.0104,0,0,0.0061,0.5858,-0.8104,0,0.0085,0.8104,0.5858,0,-0.0294,4.0002,-1.0853,1]},
{"frame":38,"values":[0.9999,-0.0104,0,0,0.0059,0.5678,-0.8232,0,0.0086,0.8231,0.5678,0,-0.0294,4.0002,-1.0853,1]},
{"frame":39,"values":[0.9999,-0.0104,0,0,0.0057,0.5474,-0.8368,0,0.0087,0.8368,0.5475,0,-0.0294,4.0002,-1.0853,1]},
{"frame":40,"values":[0.9999,-0.0104,0,0,0.0055,0.5232,-0.8522,0,0.0089,0.8522,0.5232,0,-0.0294,4.0002,-1.0853,1]},
{"frame":41,"values":[0.9999,-0.0104,0,0,0.0052,0.4983,-0.867,0,0.009,0.8669,0.4984,0,-0.0294,4.0002,-1.0853,1]},
{"frame":42,"values":[0.9999,-0.0104,0,0,0.005,0.4764,-0.8792,0,0.0092,0.8792,0.4764,0,-0.0294,4.0002,-1.0853,1]},
{"frame":43,"values":[0.9999,-0.0104,0,0,0.0048,0.4561,-0.8899,0,0.0093,0.8899,0.4561,0,-0.0294,4.0002,-1.0853,1]},
{"frame":44,"values":[0.9999,-0.0104,0,0,0.0046,0.4367,-0.8996,0,0.0094,0.8996,0.4367,0,-0.0294,4.0002,-1.0853,1]},
{"frame":45,"values":[0.9999,-0.0104,0,0,0.0044,0.4182,-0.9084,0,0.0095,0.9083,0.4182,0,-0.0294,4.0002,-1.0853,1]},
{"frame":46,"values":[0.9999,-0.0104,0,0,0.0042,0.4008,-0.9162,0,0.0096,0.9161,0.4008,0,-0.0294,4.0002,-1.0853,1]},
{"frame":47,"values":[0.9999,-0.0104,0,0,0.004,0.3825,-0.9239,0,0.0096,0.9239,0.3826,0,-0.0294,4.0002,-1.0853,1]},
{"frame":48,"values":[0.9999,-0.0104,0,0,0.0038,0.3631,-0.9317,0,0.0097,0.9317,0.3631,0,-0.0294,4.0002,-1.0853,1]},
{"frame":49,"values":[0.9999,-0.0104,0,0,0.0036,0.3429,-0.9394,0,0.0098,0.9393,0.3429,0,-0.0294,4.0002,-1.0853,1]},
{"frame":50,"values":[0.9999,-0.0104,0,0,0.0034,0.3221,-0.9467,0,0.0099,0.9466,0.3221,0,-0.0294,4.0002,-1.0853,1]},
{"frame":51,"values":[0.9999,-0.0104,0,0,0.0031,0.3005,-0.9538,0,0.0099,0.9537,0.3005,0,-0.0294,4.0002,-1.0853,1]},
{"frame":52,"values":[0.9999,-0.0104,0,0,0.0029,0.2783,-0.9605,0,0.01,0.9604,0.2783,0,-0.0294,4.0002,-1.0853,1]},
{"frame":53,"values":[0.9999,-0.0104,0,0,0.0027,0.257,-0.9664,0,0.0101,0.9664,0.257,0,-0.0294,4.0002,-1.0853,1]},
{"frame":54,"values":[0.9999,-0.0104,0,0,0.0025,0.2376,-0.9714,0,0.0101,0.9713,0.2376,0,-0.0294,4.0002,-1.0853,1]},
{"frame":55,"values":[0.9999,-0.0104,0,0,0.0023,0.2193,-0.9757,0,0.0102,0.9756,0.2193,0,-0.0294,4.0002,-1.0853,1]},
{"frame":56,"values":[0.9999,-0.0104,0,0,0.0021,0.1992,-0.98,0,0.0102,0.9799,0.1992,0,-0.0294,4.0002,-1.0853,1]},
{"frame":57,"values":[0.9999,-0.0104,0,0,0.0018,0.1711,-0.9853,0,0.0103,0.9852,0.1711,0,-0.0294,4.0002,-1.0853,1]},
{"frame":58,"values":[0.9999,-0.0104,0,0,0.0015,0.1405,-0.9901,0,0.0103,0.99,0.1405,0,-0.0294,4.0002,-1.0853,1]},
{"frame":59,"values":[0.9999,-0.0104,0,0,0.0013,0.1287,-0.9917,0,0.0103,0.9916,0.1287,0,-0.0294,4.0002,-1.0853,1]},
{"frame":60,"values":[0.9999,-0.0104,0,0,0.0103,0.9897,-0.1428,0,0.0015,0.1427,0.9898,0,-0.0294,4.0002,-1.0853,1]}],"loopBehavior":1,"name":"anim","property":"_matrix"}},
{"name":"gear1_brace_bone","index":3,"matrix":[0.9999,-0.0104,0,0,0.0103,0.9897,-0.1428,0,0.0015,0.1427,0.9898,0,0.004,5.1641,-0.3543,1],"rest":[0.9999,-0.0104,0,0,0.0103,0.9897,-0.1428,0,0.0015,0.1427,0.9898,0,0.004,5.1641,-0.3543,1],"parentBoneIndex":1,"length":3.5933
,"animation":{"dataType":3,"framePerSecond":60,"keys":[
{"frame":0,"values":[0.9999,-0.0104,0,0,0.0103,0.9897,-0.1428,0,0.0015,0.1427,0.9898,0,0.004,5.1641,-0.3543,1]},
{"frame":1,"values":[0.9999,-0.0104,0,0,0.0103,0.9881,-0.1533,0,0.0016,0.1532,0.9882,0,0.004,5.1641,-0.3543,1]},
{"frame":2,"values":[0.9999,-0.0104,0,0,0.0103,0.9834,-0.1811,0,0.0019,0.181,0.9835,0,0.004,5.1641,-0.3543,1]},
{"frame":3,"values":[0.9999,-0.0104,0,0,0.0102,0.9781,-0.208,0,0.0022,0.208,0.9781,0,0.004,5.1641,-0.3543,1]},
{"frame":4,"values":[0.9999,-0.0104,0,0,0.0101,0.9732,-0.2296,0,0.0024,0.2296,0.9733,0,0.004,5.1641,-0.3543,1]},
{"frame":5,"values":[0.9999,-0.0104,0,0,0.0101,0.9679,-0.2511,0,0.0026,0.2511,0.968,0,0.004,5.1641,-0.3543,1]},
{"frame":6,"values":[0.9999,-0.0104,0,0,0.01,0.9621,-0.2724,0,0.0028,0.2724,0.9622,0,0.004,5.1641,-0.3543,1]},
{"frame":7,"values":[0.9999,-0.0104,0,0,0.01,0.9559,-0.2936,0,0.0031,0.2936,0.9559,0,0.004,5.1641,-0.3543,1]},
{"frame":8,"values":[0.9999,-0.0104,0,0,0.0099,0.9492,-0.3147,0,0.0033,0.3147,0.9492,0,0.004,5.1641,-0.3543,1]},
{"frame":9,"values":[0.9999,-0.0104,0,0,0.0098,0.942,-0.3356,0,0.0035,0.3356,0.942,0,0.004,5.1641,-0.3543,1]},
{"frame":10,"values":[0.9999,-0.0104,0,0,0.0097,0.9343,-0.3563,0,0.0037,0.3563,0.9344,0,0.004,5.1641,-0.3543,1]},
{"frame":11,"values":[0.9999,-0.0104,0,0,0.0097,0.9262,-0.3769,0,0.0039,0.3769,0.9263,0,0.004,5.1641,-0.3543,1]},
{"frame":12,"values":[0.9999,-0.0104,0,0,0.0096,0.9177,-0.3973,0,0.0041,0.3972,0.9177,0,0.004,5.1641,-0.3543,1]},
{"frame":13,"values":[0.9999,-0.0104,0,0,0.0095,0.9086,-0.4176,0,0.0044,0.4176,0.9086,0,0.004,5.1641,-0.3543,1]},
{"frame":14,"values":[0.9999,-0.0104,0,0,0.0094,0.8991,-0.4377,0,0.0046,0.4377,0.8991,0,0.004,5.1641,-0.3543,1]},
{"frame":15,"values":[0.9999,-0.0104,0,0,0.0093,0.8893,-0.4572,0,0.0048,0.4572,0.8894,0,0.004,5.1641,-0.3543,1]},
{"frame":16,"values":[0.9999,-0.0104,0,0,0.0092,0.8795,-0.4758,0,0.005,0.4757,0.8796,0,0.004,5.1641,-0.3543,1]},
{"frame":17,"values":[0.9999,-0.0104,0,0,0.0091,0.8696,-0.4937,0,0.0051,0.4936,0.8697,0,0.004,5.1641,-0.3543,1]},
{"frame":18,"values":[0.9999,-0.0104,0,0,0.009,0.8588,-0.5122,0,0.0053,0.5121,0.8589,0,0.004,5.1641,-0.3543,1]},
{"frame":19,"values":[0.9999,-0.0104,0,0,0.0088,0.8469,-0.5316,0,0.0055,0.5316,0.847,0,0.004,5.1641,-0.3543,1]},
{"frame":20,"values":[0.9999,-0.0104,0,0,0.0087,0.8341,-0.5516,0,0.0058,0.5515,0.8341,0,0.004,5.1641,-0.3543,1]},
{"frame":21,"values":[0.9999,-0.0104,0,0,0.0086,0.821,-0.5708,0,0.006,0.5708,0.8211,0,0.004,5.1641,-0.3543,1]},
{"frame":22,"values":[0.9999,-0.0104,0,0,0.0084,0.808,-0.5891,0,0.0061,0.589,0.8081,0,0.004,5.1641,-0.3543,1]},
{"frame":23,"values":[0.9999,-0.0104,0,0,0.0083,0.7949,-0.6067,0,0.0063,0.6066,0.795,0,0.004,5.1641,-0.3543,1]},
{"frame":24,"values":[0.9999,-0.0104,0,0,0.0081,0.7814,-0.624,0,0.0065,0.6239,0.7814,0,0.004,5.1641,-0.3543,1]},
{"frame":25,"values":[0.9999,-0.0104,0,0,0.008,0.7672,-0.6414,0,0.0067,0.6413,0.7672,0,0.004,5.1641,-0.3543,1]},
{"frame":26,"values":[0.9999,-0.0104,0,0,0.0078,0.7526,-0.6585,0,0.0069,0.6584,0.7526,0,0.004,5.1641,-0.3543,1]},
{"frame":27,"values":[0.9999,-0.0104,0,0,0.0077,0.7383,-0.6744,0,0.007,0.6744,0.7384,0,0.004,5.1641,-0.3543,1]},
{"frame":28,"values":[0.9999,-0.0104,0,0,0.0076,0.7249,-0.6888,0,0.0072,0.6888,0.7249,0,0.004,5.1641,-0.3543,1]},
{"frame":29,"values":[0.9999,-0.0104,0,0,0.0074,0.712,-0.7022,0,0.0073,0.7021,0.712,0,0.004,5.1641,-0.3543,1]},
{"frame":30,"values":[0.9999,-0.0104,0,0,0.0073,0.6983,-0.7158,0,0.0075,0.7157,0.6983,0,0.004,5.1641,-0.3543,1]},
{"frame":31,"values":[0.9999,-0.0104,0,0,0.0071,0.6835,-0.7299,0,0.0076,0.7299,0.6835,0,0.004,5.1641,-0.3543,1]},
{"frame":32,"values":[0.9999,-0.0104,0,0,0.007,0.6679,-0.7443,0,0.0078,0.7442,0.6679,0,0.004,5.1641,-0.3543,1]},
{"frame":33,"values":[0.9999,-0.0104,0,0,0.0068,0.652,-0.7582,0,0.0079,0.7582,0.652,0,0.004,5.1641,-0.3543,1]},
{"frame":34,"values":[0.9999,-0.0104,0,0,0.0066,0.6361,-0.7716,0,0.008,0.7715,0.6361,0,0.004,5.1641,-0.3543,1]},
{"frame":35,"values":[0.9999,-0.0104,0,0,0.0065,0.62,-0.7846,0,0.0082,0.7845,0.62,0,0.004,5.1641,-0.3543,1]},
{"frame":36,"values":[0.9999,-0.0104,0,0,0.0063,0.6031,-0.7977,0,0.0083,0.7976,0.6031,0,0.004,5.1641,-0.3543,1]},
{"frame":37,"values":[0.9999,-0.0104,0,0,0.0061,0.5858,-0.8104,0,0.0085,0.8104,0.5858,0,0.004,5.1641,-0.3543,1]},
{"frame":38,"values":[0.9999,-0.0104,0,0,0.0059,0.5678,-0.8232,0,0.0086,0.8231,0.5678,0,0.004,5.1641,-0.3543,1]},
{"frame":39,"values":[0.9999,-0.0104,0,0,0.0057,0.5474,-0.8368,0,0.0087,0.8368,0.5475,0,0.004,5.1641,-0.3543,1]},
{"frame":40,"values":[0.9999,-0.0104,0,0,0.0055,0.5232,-0.8522,0,0.0089,0.8522,0.5232,0,0.004,5.1641,-0.3543,1]},
{"frame":41,"values":[0.9999,-0.0104,0,0,0.0052,0.4983,-0.867,0,0.009,0.8669,0.4984,0,0.004,5.1641,-0.3543,1]},
{"frame":42,"values":[0.9999,-0.0104,0,0,0.005,0.4764,-0.8792,0,0.0092,0.8792,0.4764,0,0.004,5.1641,-0.3543,1]},
{"frame":43,"values":[0.9999,-0.0104,0,0,0.0048,0.4561,-0.8899,0,0.0093,0.8899,0.4561,0,0.004,5.1641,-0.3543,1]},
{"frame":44,"values":[0.9999,-0.0104,0,0,0.0046,0.4367,-0.8996,0,0.0094,0.8996,0.4367,0,0.004,5.1641,-0.3543,1]},
{"frame":45,"values":[0.9999,-0.0104,0,0,0.0044,0.4182,-0.9084,0,0.0095,0.9083,0.4182,0,0.004,5.1641,-0.3543,1]},
{"frame":46,"values":[0.9999,-0.0104,0,0,0.0042,0.4008,-0.9162,0,0.0096,0.9161,0.4008,0,0.004,5.1641,-0.3543,1]},
{"frame":47,"values":[0.9999,-0.0104,0,0,0.004,0.3825,-0.9239,0,0.0096,0.9239,0.3826,0,0.004,5.1641,-0.3543,1]},
{"frame":48,"values":[0.9999,-0.0104,0,0,0.0038,0.3631,-0.9317,0,0.0097,0.9317,0.3631,0,0.004,5.1641,-0.3543,1]},
{"frame":49,"values":[0.9999,-0.0104,0,0,0.0036,0.3429,-0.9394,0,0.0098,0.9393,0.3429,0,0.004,5.1641,-0.3543,1]},
{"frame":50,"values":[0.9999,-0.0104,0,0,0.0034,0.3221,-0.9467,0,0.0099,0.9466,0.3221,0,0.004,5.1641,-0.3543,1]},
{"frame":51,"values":[0.9999,-0.0104,0,0,0.0031,0.3005,-0.9538,0,0.0099,0.9537,0.3005,0,0.004,5.1641,-0.3543,1]},
{"frame":52,"values":[0.9999,-0.0104,0,0,0.0029,0.2783,-0.9605,0,0.01,0.9604,0.2783,0,0.004,5.1641,-0.3543,1]},
{"frame":53,"values":[0.9999,-0.0104,0,0,0.0027,0.257,-0.9664,0,0.0101,0.9664,0.257,0,0.004,5.1641,-0.3543,1]},
{"frame":54,"values":[0.9999,-0.0104,0,0,0.0025,0.2376,-0.9714,0,0.0101,0.9713,0.2376,0,0.004,5.1641,-0.3543,1]},
{"frame":55,"values":[0.9999,-0.0104,0,0,0.0023,0.2193,-0.9757,0,0.0102,0.9756,0.2193,0,0.004,5.1641,-0.3543,1]},
{"frame":56,"values":[0.9999,-0.0104,0,0,0.0021,0.1992,-0.98,0,0.0102,0.9799,0.1992,0,0.004,5.1641,-0.3543,1]},
{"frame":57,"values":[0.9999,-0.0104,0,0,0.0018,0.1711,-0.9853,0,0.0103,0.9852,0.1711,0,0.004,5.1641,-0.3543,1]},
{"frame":58,"values":[0.9999,-0.0104,0,0,0.0015,0.1405,-0.9901,0,0.0103,0.99,0.1405,0,0.004,5.1641,-0.3543,1]},
{"frame":59,"values":[0.9999,-0.0104,0,0,0.0013,0.1287,-0.9917,0,0.0103,0.9916,0.1287,0,0.004,5.1641,-0.3543,1]},
{"frame":60,"values":[0.9999,-0.0104,0,0,0.0103,0.9897,-0.1428,0,0.0015,0.1427,0.9898,0,0.004,5.1641,-0.3543,1]}],"loopBehavior":1,"name":"anim","property":"_matrix"}},
{"name":"gear1_claw_bone","index":4,"matrix":[0.9995,0.0042,-0.0324,0,0.0107,0.8945,0.4469,0,0.0308,-0.447,0.894,0,0,2.8604,0,1],"rest":[0.9995,0.0042,-0.0324,0,0.0107,0.8945,0.4469,0,0.0308,-0.447,0.894,0,0,2.8604,0,1],"parentBoneIndex":2,"length":3.361
,"animation":{"dataType":3,"framePerSecond":60,"keys":[
{"frame":0,"values":[0.9995,0.0042,-0.0324,0,0.0107,0.8945,0.4469,0,0.0308,-0.447,0.894,0,0,2.8604,0,1]},
{"frame":1,"values":[0.9995,0.0044,-0.0322,0,0.0107,0.8913,0.4532,0,0.0307,-0.4534,0.8908,0,0,2.8604,0,1]},
{"frame":2,"values":[0.9995,0.0048,-0.0318,0,0.0108,0.8826,0.4701,0,0.0303,-0.4702,0.8821,0,0,2.8604,0,1]},
{"frame":3,"values":[0.9995,0.0051,-0.0315,0,0.0108,0.8737,0.4863,0,0.03,-0.4864,0.8732,0,0,2.8604,0,1]},
{"frame":4,"values":[0.9995,0.0054,-0.0312,0,0.0109,0.8664,0.4993,0,0.0297,-0.4994,0.8659,0,0,2.8604,0,1]},
{"frame":5,"values":[0.9995,0.0057,-0.0309,0,0.0109,0.8588,0.5122,0,0.0295,-0.5123,0.8583,0,0,2.8604,0,1]},
{"frame":6,"values":[0.9995,0.006,-0.0306,0,0.011,0.851,0.525,0,0.0292,-0.5251,0.8505,0,0,2.8604,0,1]},
{"frame":7,"values":[0.9995,0.0063,-0.0303,0,0.011,0.843,0.5378,0,0.029,-0.5378,0.8425,0,0,2.8604,0,1]},
{"frame":8,"values":[0.9995,0.0066,-0.0301,0,0.0111,0.8348,0.5504,0,0.0287,-0.5505,0.8344,0,0,2.8604,0,1]},
{"frame":9,"values":[0.9995,0.0069,-0.0298,0,0.0111,0.8264,0.563,0,0.0285,-0.563,0.826,0,0,2.8604,0,1]},
{"frame":10,"values":[0.9995,0.0071,-0.0295,0,0.0112,0.8178,0.5754,0,0.0283,-0.5755,0.8173,0,0,2.8604,0,1]},
{"frame":11,"values":[0.9995,0.0074,-0.0293,0,0.0112,0.809,0.5877,0,0.028,-0.5878,0.8085,0,0,2.8604,0,1]},
{"frame":12,"values":[0.9995,0.0077,-0.029,0,0.0113,0.7999,0.6,0,0.0278,-0.6001,0.7995,0,0,2.8604,0,1]},
{"frame":13,"values":[0.9996,0.0079,-0.0288,0,0.0113,0.7906,0.6122,0,0.0276,-0.6123,0.7902,0,0,2.8604,0,1]},
{"frame":14,"values":[0.9996,0.0082,-0.0285,0,0.0114,0.7811,0.6243,0,0.0274,-0.6244,0.7806,0,0,2.8604,0,1]},
{"frame":15,"values":[0.9996,0.0085,-0.0283,0,0.0115,0.7715,0.6361,0,0.0272,-0.6361,0.7711,0,0,2.8604,0,1]},
{"frame":16,"values":[0.9996,0.0087,-0.028,0,0.0115,0.7622,0.6473,0,0.027,-0.6473,0.7617,0,0,2.8604,0,1]},
{"frame":17,"values":[0.9996,0.0089,-0.0278,0,0.0116,0.7528,0.6581,0,0.0268,-0.6582,0.7524,0,0,2.8604,0,1]},
{"frame":18,"values":[0.9996,0.0092,-0.0276,0,0.0116,0.7429,0.6693,0,0.0266,-0.6694,0.7424,0,0,2.8604,0,1]},
{"frame":19,"values":[0.9996,0.0094,-0.0273,0,0.0117,0.732,0.6812,0,0.0264,-0.6812,0.7316,0,0,2.8604,0,1]},
{"frame":20,"values":[0.9996,0.0097,-0.0271,0,0.0118,0.7205,0.6934,0,0.0262,-0.6934,0.7201,0,0,2.8604,0,1]},
{"frame":21,"values":[0.9996,0.01,-0.0268,0,0.0119,0.709,0.7051,0,0.0261,-0.7052,0.7086,0,0,2.8604,0,1]},
{"frame":22,"values":[0.9996,0.0102,-0.0266,0,0.012,0.6976,0.7164,0,0.0259,-0.7164,0.6972,0,0,2.8604,0,1]},
{"frame":23,"values":[0.9996,0.0104,-0.0264,0,0.012,0.6863,0.7272,0,0.0257,-0.7272,0.6859,0,0,2.8604,0,1]},
{"frame":24,"values":[0.9996,0.0107,-0.0262,0,0.0121,0.6748,0.7379,0,0.0255,-0.7379,0.6744,0,0,2.8604,0,1]},
{"frame":25,"values":[0.9996,0.0109,-0.026,0,0.0122,0.6628,0.7487,0,0.0254,-0.7488,0.6624,0,0,2.8604,0,1]},
{"frame":26,"values":[0.9996,0.0112,-0.0257,0,0.0123,0.6505,0.7594,0,0.0252,-0.7594,0.6501,0,0,2.8604,0,1]},
{"frame":27,"values":[0.9996,0.0114,-0.0255,0,0.0124,0.6386,0.7694,0,0.0251,-0.7694,0.6382,0,0,2.8604,0,1]},
{"frame":28,"values":[0.9996,0.0116,-0.0253,0,0.0125,0.6275,0.7785,0,0.0249,-0.7786,0.6271,0,0,2.8604,0,1]},
{"frame":29,"values":[0.9996,0.0118,-0.0251,0,0.0125,0.6168,0.787,0,0.0248,-0.787,0.6164,0,0,2.8604,0,1]},
{"frame":30,"values":[0.9996,0.012,-0.025,0,0.0126,0.6056,0.7957,0,0.0246,-0.7957,0.6052,0,0,2.8604,0,1]},
{"frame":31,"values":[0.9996,0.0122,-0.0248,0,0.0127,0.5935,0.8048,0,0.0245,-0.8048,0.5931,0,0,2.8604,0,1]},
{"frame":32,"values":[0.9996,0.0124,-0.0246,0,0.0128,0.5807,0.814,0,0.0244,-0.814,0.5804,0,0,2.8604,0,1]},
{"frame":33,"values":[0.9996,0.0126,-0.0244,0,0.0129,0.5678,0.823,0,0.0242,-0.8231,0.5674,0,0,2.8604,0,1]},
{"frame":34,"values":[0.9996,0.0128,-0.0242,0,0.013,0.555,0.8318,0,0.0241,-0.8318,0.5546,0,0,2.8604,0,1]},
{"frame":35,"values":[0.9996,0.013,-0.024,0,0.0131,0.5419,0.8403,0,0.024,-0.8403,0.5415,0,0,2.8604,0,1]},
{"frame":36,"values":[0.9996,0.0133,-0.0238,0,0.0132,0.5282,0.849,0,0.0238,-0.849,0.5278,0,0,2.8604,0,1]},
{"frame":37,"values":[0.9996,0.0135,-0.0236,0,0.0133,0.5142,0.8575,0,0.0237,-0.8575,0.5139,0,0,2.8604,0,1]},
{"frame":38,"values":[0.9996,0.0137,-0.0234,0,0.0134,0.4996,0.8661,0,0.0235,-0.8661,0.4993,0,0,2.8604,0,1]},
{"frame":39,"values":[0.9996,0.0139,-0.0232,0,0.0136,0.4832,0.8754,0,0.0234,-0.8754,0.4828,0,0,2.8604,0,1]},
{"frame":40,"values":[0.9996,0.0142,-0.0229,0,0.0137,0.4635,0.886,0,0.0232,-0.886,0.4632,0,0,2.8604,0,1]},
{"frame":41,"values":[0.9996,0.0145,-0.0227,0,0.0139,0.4433,0.8962,0,0.023,-0.8962,0.443,0,0,2.8604,0,1]},
{"frame":42,"values":[0.9996,0.0147,-0.0225,0,0.0141,0.4254,0.9049,0,0.0229,-0.9049,0.4251,0,0,2.8604,0,1]},
{"frame":43,"values":[0.9996,0.015,-0.0223,0,0.0142,0.4088,0.9125,0,0.0227,-0.9125,0.4084,0,0,2.8604,0,1]},
{"frame":44,"values":[0.9996,0.0152,-0.0221,0,0.0143,0.3928,0.9195,0,0.0226,-0.9195,0.3924,0,0,2.8604,0,1]},
{"frame":45,"values":[0.9996,0.0154,-0.0219,0,0.0145,0.3775,0.9259,0,0.0225,-0.9259,0.3772,0,0,2.8604,0,1]},
{"frame":46,"values":[0.9996,0.0156,-0.0217,0,0.0146,0.3631,0.9316,0,0.0224,-0.9316,0.3627,0,0,2.8604,0,1]},
{"frame":47,"values":[0.9996,0.0157,-0.0216,0,0.0147,0.3479,0.9374,0,0.0223,-0.9374,0.3476,0,0,2.8604,0,1]},
{"frame":48,"values":[0.9996,0.0159,-0.0214,0,0.0149,0.3316,0.9433,0,0.0221,-0.9433,0.3313,0,0,2.8604,0,1]},
{"frame":49,"values":[0.9996,0.0162,-0.0212,0,0.015,0.3146,0.9491,0,0.022,-0.9491,0.3142,0,0,2.8604,0,1]},
{"frame":50,"values":[0.9996,0.0164,-0.021,0,0.0152,0.2969,0.9548,0,0.0219,-0.9548,0.2966,0,0,2.8604,0,1]},
{"frame":51,"values":[0.9996,0.0166,-0.0208,0,0.0154,0.2785,0.9603,0,0.0217,-0.9603,0.2781,0,0,2.8604,0,1]},
{"frame":52,"values":[0.9996,0.0168,-0.0206,0,0.0156,0.2593,0.9657,0,0.0216,-0.9657,0.2589,0,0,2.8604,0,1]},
{"frame":53,"values":[0.9996,0.017,-0.0204,0,0.0157,0.2408,0.9705,0,0.0214,-0.9704,0.2404,0,0,2.8604,0,1]},
{"frame":54,"values":[0.9996,0.0172,-0.0203,0,0.0159,0.2238,0.9745,0,0.0213,-0.9745,0.2234,0,0,2.8604,0,1]},
{"frame":55,"values":[0.9996,0.0174,-0.0201,0,0.0161,0.2076,0.9781,0,0.0212,-0.9781,0.2072,0,0,2.8604,0,1]},
{"frame":56,"values":[0.9996,0.0176,-0.02,0,0.0163,0.1897,0.9817,0,0.0211,-0.9817,0.1894,0,0,2.8604,0,1]},
{"frame":57,"values":[0.9996,0.0179,-0.0197,0,0.0165,0.1644,0.9863,0,0.0209,-0.9862,0.164,0,0,2.8604,0,1]},
{"frame":58,"values":[0.9996,0.0182,-0.0195,0,0.0168,0.1364,0.9905,0,0.0207,-0.9905,0.136,0,0,2.8604,0,1]},
{"frame":59,"values":[0.9996,0.0183,-0.0194,0,0.0169,0.1254,0.992,0,0.0206,-0.9919,0.1251,0,0,2.8604,0,1]},
{"frame":60,"values":[0.9995,0.0042,-0.0324,0,0.0107,0.8945,0.4469,0,0.0308,-0.447,0.894,0,0,2.8604,0,1]}],"loopBehavior":1,"name":"anim","property":"_matrix"}},
{"name":"wormGear_Arm","index":5,"matrix":[0.9991,0,-0.0415,0,0,1,0,0,0.0415,0,0.9991,0,-0.0307,2.359,0.0356,1],"rest":[0.9991,0,-0.0415,0,0,1,0,0,0.0415,0,0.9991,0,-0.0307,2.359,0.0356,1],"parentBoneIndex":1,"length":2.3399
,"animation":{"dataType":3,"framePerSecond":60,"keys":[
{"frame":0,"values":[0.9991,0,-0.0415,0,0,1,0,0,0.0415,0,0.9991,0,-0.0307,2.359,0.0356,1]},
{"frame":1,"values":[0.8555,0,-0.5178,0,0,1,0,0,0.5178,0,0.8555,0,-0.0307,2.359,0.0356,1]},
{"frame":2,"values":[-0.3042,0,-0.9526,0,0,1,0,0,0.9526,0,-0.3042,0,-0.0307,2.359,0.0356,1]},
{"frame":3,"values":[-0.9991,0,0.0415,0,0,1,0,0,-0.0415,0,-0.9991,0,-0.0307,2.359,0.0356,1]},
{"frame":4,"values":[-0.4636,0,0.8861,0,0,1,0,0,-0.8861,0,-0.4636,0,-0.0307,2.359,0.0356,1]},
{"frame":5,"values":[0.5355,0,0.8445,0,0,1,0,0,-0.8445,0,0.5355,0,-0.0307,2.359,0.0356,1]},
{"frame":6,"values":[0.9991,0,-0.0415,0,0,1,0,0,0.0415,0,0.9991,0,-0.0307,2.359,0.0356,1]},
{"frame":7,"values":[0.4636,0,-0.8861,0,0,1,0,0,0.8861,0,0.4636,0,-0.0307,2.359,0.0356,1]},
{"frame":8,"values":[-0.5355,0,-0.8445,0,0,1,0,0,0.8445,0,-0.5355,0,-0.0307,2.359,0.0356,1]},
{"frame":9,"values":[-0.9991,0,0.0415,0,0,1,0,0,-0.0415,0,-0.9991,0,-0.0307,2.359,0.0356,1]},
{"frame":10,"values":[-0.4636,0,0.8861,0,0,1,0,0,-0.8861,0,-0.4636,0,-0.0307,2.359,0.0356,1]},
{"frame":11,"values":[0.5355,0,0.8445,0,0,1,0,0,-0.8445,0,0.5355,0,-0.0307,2.359,0.0356,1]},
{"frame":12,"values":[0.9991,0,-0.0415,0,0,1,0,0,0.0415,0,0.9991,0,-0.0307,2.359,0.0356,1]},
{"frame":13,"values":[0.4636,0,-0.8861,0,0,1,0,0,0.8861,0,0.4636,0,-0.0307,2.359,0.0356,1]},
{"frame":14,"values":[-0.5355,0,-0.8445,0,0,1,0,0,0.8445,0,-0.5355,0,-0.0307,2.359,0.0356,1]},
{"frame":15,"values":[-0.9991,0,0.0415,0,0,1,0,0,-0.0415,0,-0.9991,0,-0.0307,2.359,0.0356,1]},
{"frame":16,"values":[-0.4636,0,0.8861,0,0,1,0,0,-0.8861,0,-0.4636,0,-0.0307,2.359,0.0356,1]},
{"frame":17,"values":[0.5355,0,0.8445,0,0,1,0,0,-0.8445,0,0.5355,0,-0.0307,2.359,0.0356,1]},
{"frame":18,"values":[0.9991,0,-0.0415,0,0,1,0,0,0.0415,0,0.9991,0,-0.0307,2.359,0.0356,1]},
{"frame":19,"values":[0.4636,0,-0.8861,0,0,1,0,0,0.8861,0,0.4636,0,-0.0307,2.359,0.0356,1]},
{"frame":20,"values":[-0.5355,0,-0.8445,0,0,1,0,0,0.8445,0,-0.5355,0,-0.0307,2.359,0.0356,1]},
{"frame":21,"values":[-0.9991,0,0.0415,0,0,1,0,0,-0.0415,0,-0.9991,0,-0.0307,2.359,0.0356,1]},
{"frame":22,"values":[-0.4636,0,0.8861,0,0,1,0,0,-0.8861,0,-0.4636,0,-0.0307,2.359,0.0356,1]},
{"frame":23,"values":[0.5355,0,0.8445,0,0,1,0,0,-0.8445,0,0.5355,0,-0.0307,2.359,0.0356,1]},
{"frame":24,"values":[0.9991,0,-0.0415,0,0,1,0,0,0.0415,0,0.9991,0,-0.0307,2.359,0.0356,1]},
{"frame":25,"values":[0.4636,0,-0.8861,0,0,1,0,0,0.8861,0,0.4636,0,-0.0307,2.359,0.0356,1]},
{"frame":26,"values":[-0.5356,0,-0.8445,0,0,1,0,0,0.8445,0,-0.5356,0,-0.0307,2.359,0.0356,1]},
{"frame":27,"values":[-0.9991,0,0.0415,0,0,1,0,0,-0.0415,0,-0.9991,0,-0.0307,2.359,0.0356,1]},
{"frame":28,"values":[-0.4636,0,0.8861,0,0,1,0,0,-0.8861,0,-0.4636,0,-0.0307,2.359,0.0356,1]},
{"frame":29,"values":[0.5355,0,0.8445,0,0,1,0,0,-0.8445,0,0.5355,0,-0.0307,2.359,0.0356,1]},
{"frame":30,"values":[0.9991,0,-0.0415,0,0,1,0,0,0.0415,0,0.9991,0,-0.0307,2.359,0.0356,1]},
{"frame":31,"values":[0.4636,0,-0.8861,0,0,1,0,0,0.8861,0,0.4636,0,-0.0307,2.359,0.0356,1]},
{"frame":32,"values":[-0.5355,0,-0.8445,0,0,1,0,0,0.8445,0,-0.5355,0,-0.0307,2.359,0.0356,1]},
{"frame":33,"values":[-0.9991,0,0.0415,0,0,1,0,0,-0.0415,0,-0.9991,0,-0.0307,2.359,0.0356,1]},
{"frame":34,"values":[-0.4636,0,0.886,0,0,1,0,0,-0.886,0,-0.4636,0,-0.0307,2.359,0.0356,1]},
{"frame":35,"values":[0.5356,0,0.8445,0,0,1,0,0,-0.8445,0,0.5356,0,-0.0307,2.359,0.0356,1]},
{"frame":36,"values":[0.9991,0,-0.0415,0,0,1,0,0,0.0415,0,0.9991,0,-0.0307,2.359,0.0356,1]},
{"frame":37,"values":[0.5193,0,-0.8546,0,0,1,0,0,0.8546,0,0.5193,0,-0.0307,2.359,0.0356,1]},
{"frame":38,"values":[-0.416,0,-0.9094,0,0,1,0,0,0.9094,0,-0.416,0,-0.0307,2.359,0.0356,1]},
{"frame":39,"values":[-0.9991,0,0.0415,0,0,1,0,0,-0.0415,0,-0.9991,0,-0.0307,2.359,0.0356,1]},
{"frame":40,"values":[0.0415,0,0.9991,0,0,1,0,0,-0.9991,0,0.0415,0,-0.0307,2.359,0.0356,1]},
{"frame":41,"values":[0.9991,0,-0.0415,0,0,1,0,0,0.0415,0,0.9991,0,-0.0307,2.359,0.0356,1]},
{"frame":42,"values":[0.3391,0,-0.9408,0,0,1,0,0,0.9408,0,0.3391,0,-0.0307,2.359,0.0356,1]},
{"frame":43,"values":[-0.5885,0,-0.8085,0,0,1,0,0,0.8085,0,-0.5885,0,-0.0307,2.359,0.0356,1]},
{"frame":44,"values":[-0.9991,0,0.0415,0,0,1,0,0,-0.0415,0,-0.9991,0,-0.0307,2.359,0.0356,1]},
{"frame":45,"values":[-0.4636,0,0.886,0,0,1,0,0,-0.886,0,-0.4636,0,-0.0307,2.359,0.0356,1]},
{"frame":46,"values":[0.5356,0,0.8445,0,0,1,0,0,-0.8445,0,0.5356,0,-0.0307,2.359,0.0356,1]},
{"frame":47,"values":[0.9991,0,-0.0415,0,0,1,0,0,0.0415,0,0.9991,0,-0.0307,2.359,0.0356,1]},
{"frame":48,"values":[0.4636,0,-0.8861,0,0,1,0,0,0.8861,0,0.4636,0,-0.0307,2.359,0.0356,1]},
{"frame":49,"values":[-0.5355,0,-0.8445,0,0,1,0,0,0.8445,0,-0.5355,0,-0.0307,2.359,0.0356,1]},
{"frame":50,"values":[-0.9991,0,0.0415,0,0,1,0,0,-0.0415,0,-0.9991,0,-0.0307,2.359,0.0356,1]},
{"frame":51,"values":[-0.4636,0,0.886,0,0,1,0,0,-0.886,0,-0.4636,0,-0.0307,2.359,0.0356,1]},
{"frame":52,"values":[0.5356,0,0.8445,0,0,1,0,0,-0.8445,0,0.5356,0,-0.0307,2.359,0.0356,1]},
{"frame":53,"values":[0.9991,0,-0.0415,0,0,1,0,0,0.0415,0,0.9991,0,-0.0307,2.359,0.0356,1]},
{"frame":54,"values":[0.4636,0,-0.886,0,0,1,0,0,0.886,0,0.4636,0,-0.0307,2.359,0.0356,1]},
{"frame":55,"values":[-0.5356,0,-0.8445,0,0,1,0,0,0.8445,0,-0.5356,0,-0.0307,2.359,0.0356,1]},
{"frame":56,"values":[-0.9991,0,0.0415,0,0,1,0,0,-0.0415,0,-0.9991,0,-0.0307,2.359,0.0356,1]},
{"frame":57,"values":[-0.224,0,0.9746,0,0,1,0,0,-0.9746,0,-0.224,0,-0.0307,2.359,0.0356,1]},
{"frame":58,"values":[0.8955,0,0.445,0,0,1,0,0,-0.445,0,0.8955,0,-0.0307,2.359,0.0356,1]},
{"frame":59,"values":[0.9991,0,-0.0415,0,0,1,0,0,0.0415,0,0.9991,0,-0.0307,2.359,0.0356,1]},
{"frame":60,"values":[0.9991,0,-0.0415,0,0,1,0,0,0.0415,0,0.9991,0,-0.0307,2.359,0.0356,1]}],"loopBehavior":1,"name":"anim","property":"_matrix"}},
{"name":"gear2_bone","index":6,"matrix":[1,0.0059,0,0,-0.0059,0.99,0.1411,0,0.0008,-0.1411,0.99,0,0.009,3.9768,1.1427,1],"rest":[1,0.0059,0,0,-0.0059,0.99,0.1411,0,0.0008,-0.1411,0.99,0,0.009,3.9768,1.1427,1],"parentBoneIndex":1,"length":2.896
,"animation":{"dataType":3,"framePerSecond":60,"keys":[
{"frame":0,"values":[1,0.0059,0,0,-0.0059,0.99,0.1411,0,0.0008,-0.1411,0.99,0,0.009,3.9768,1.1427,1]},
{"frame":1,"values":[1,0.0059,0,0,-0.0058,0.9884,0.1516,0,0.0009,-0.1516,0.9884,0,0.009,3.9768,1.1427,1]},
{"frame":2,"values":[1,0.0059,0,0,-0.0058,0.9838,0.1794,0,0.0011,-0.1794,0.9838,0,0.009,3.9768,1.1427,1]},
{"frame":3,"values":[1,0.0059,0,0,-0.0058,0.9784,0.2064,0,0.0012,-0.2064,0.9785,0,0.009,3.9768,1.1427,1]},
{"frame":4,"values":[1,0.0059,0,0,-0.0058,0.9736,0.228,0,0.0013,-0.228,0.9737,0,0.009,3.9768,1.1427,1]},
{"frame":5,"values":[1,0.0059,0,0,-0.0057,0.9684,0.2495,0,0.0015,-0.2495,0.9684,0,0.009,3.9768,1.1427,1]},
{"frame":6,"values":[1,0.0059,0,0,-0.0057,0.9626,0.2708,0,0.0016,-0.2708,0.9626,0,0.009,3.9768,1.1427,1]},
{"frame":7,"values":[1,0.0059,0,0,-0.0057,0.9564,0.292,0,0.0017,-0.292,0.9564,0,0.009,3.9768,1.1427,1]},
{"frame":8,"values":[1,0.0059,0,0,-0.0056,0.9497,0.3131,0,0.0019,-0.3131,0.9497,0,0.009,3.9768,1.1427,1]},
{"frame":9,"values":[1,0.0059,0,0,-0.0056,0.9426,0.334,0,0.002,-0.334,0.9426,0,0.009,3.9768,1.1427,1]},
{"frame":10,"values":[1,0.0059,0,0,-0.0055,0.9349,0.3548,0,0.0021,-0.3548,0.935,0,0.009,3.9768,1.1427,1]},
{"frame":11,"values":[1,0.0059,0,0,-0.0055,0.9269,0.3753,0,0.0022,-0.3753,0.9269,0,0.009,3.9768,1.1427,1]},
{"frame":12,"values":[1,0.0059,0,0,-0.0054,0.9183,0.3957,0,0.0023,-0.3957,0.9184,0,0.009,3.9768,1.1427,1]},
{"frame":13,"values":[1,0.0059,0,0,-0.0054,0.9094,0.4159,0,0.0025,-0.4159,0.9094,0,0.009,3.9768,1.1427,1]},
{"frame":14,"values":[1,0.0059,0,0,-0.0053,0.9,0.4359,0,0.0026,-0.4359,0.9,0,0.009,3.9768,1.1427,1]},
{"frame":15,"values":[1,0.0059,0,0,-0.0053,0.8901,0.4557,0,0.0027,-0.4557,0.8901,0,0.009,3.9768,1.1427,1]},
{"frame":16,"values":[1,0.0059,0,0,-0.0052,0.8798,0.4753,0,0.0028,-0.4753,0.8798,0,0.009,3.9768,1.1427,1]},
{"frame":17,"values":[1,0.0059,0,0,-0.0051,0.8691,0.4946,0,0.0029,-0.4946,0.8691,0,0.009,3.9768,1.1427,1]},
{"frame":18,"values":[1,0.0059,0,0,-0.0051,0.8579,0.5137,0,0.003,-0.5137,0.858,0,0.009,3.9768,1.1427,1]},
{"frame":19,"values":[1,0.0059,0,0,-0.005,0.8464,0.5326,0,0.0031,-0.5326,0.8464,0,0.009,3.9768,1.1427,1]},
{"frame":20,"values":[1,0.0059,0,0,-0.0049,0.8344,0.5511,0,0.0033,-0.5511,0.8344,0,0.009,3.9768,1.1427,1]},
{"frame":21,"values":[1,0.0059,0,0,-0.0049,0.822,0.5695,0,0.0034,-0.5694,0.822,0,0.009,3.9768,1.1427,1]},
{"frame":22,"values":[1,0.0059,0,0,-0.0048,0.8092,0.5875,0,0.0035,-0.5875,0.8092,0,0.009,3.9768,1.1427,1]},
{"frame":23,"values":[1,0.0059,0,0,-0.0047,0.796,0.6052,0,0.0036,-0.6052,0.796,0,0.009,3.9768,1.1427,1]},
{"frame":24,"values":[1,0.0059,0,0,-0.0046,0.7825,0.6227,0,0.0037,-0.6227,0.7825,0,0.009,3.9768,1.1427,1]},
{"frame":25,"values":[1,0.0059,0,0,-0.0045,0.7685,0.6398,0,0.0038,-0.6398,0.7685,0,0.009,3.9768,1.1427,1]},
{"frame":26,"values":[1,0.0059,0,0,-0.0045,0.7542,0.6567,0,0.0039,-0.6566,0.7542,0,0.009,3.9768,1.1427,1]},
{"frame":27,"values":[1,0.0059,0,0,-0.0044,0.7395,0.6732,0,0.004,-0.6732,0.7395,0,0.009,3.9768,1.1427,1]},
{"frame":28,"values":[1,0.0059,0,0,-0.0043,0.7241,0.6897,0,0.0041,-0.6897,0.7241,0,0.009,3.9768,1.1427,1]},
{"frame":29,"values":[1,0.0059,0,0,-0.0042,0.7084,0.7058,0,0.0042,-0.7058,0.7084,0,0.009,3.9768,1.1427,1]},
{"frame":30,"values":[1,0.0059,0,0,-0.0041,0.6932,0.7207,0,0.0043,-0.7207,0.6932,0,0.009,3.9768,1.1427,1]},
{"frame":31,"values":[1,0.0059,0,0,-0.004,0.6797,0.7335,0,0.0043,-0.7335,0.6797,0,0.009,3.9768,1.1427,1]},
{"frame":32,"values":[1,0.0059,0,0,-0.0039,0.667,0.7451,0,0.0044,-0.7451,0.667,0,0.009,3.9768,1.1427,1]},
{"frame":33,"values":[1,0.0059,0,0,-0.0039,0.6519,0.7583,0,0.0045,-0.7583,0.6519,0,0.009,3.9768,1.1427,1]},
{"frame":34,"values":[1,0.0059,0,0,-0.0037,0.6329,0.7742,0,0.0046,-0.7742,0.6329,0,0.009,3.9768,1.1427,1]},
{"frame":35,"values":[1,0.0059,0,0,-0.0036,0.6113,0.7914,0,0.0047,-0.7914,0.6113,0,0.009,3.9768,1.1427,1]},
{"frame":36,"values":[1,0.0059,0,0,-0.0035,0.5918,0.8061,0,0.0048,-0.806,0.5918,0,0.009,3.9768,1.1427,1]},
{"frame":37,"values":[1,0.0059,0,0,-0.0034,0.5775,0.8164,0,0.0048,-0.8164,0.5775,0,0.009,3.9768,1.1427,1]},
{"frame":38,"values":[1,0.0059,0,0,-0.0033,0.5659,0.8245,0,0.0049,-0.8245,0.5659,0,0.009,3.9768,1.1427,1]},
{"frame":39,"values":[1,0.0059,0,0,-0.0032,0.5488,0.8359,0,0.0049,-0.8359,0.5488,0,0.009,3.9768,1.1427,1]},
{"frame":40,"values":[1,0.0059,0,0,-0.0031,0.5214,0.8533,0,0.005,-0.8533,0.5214,0,0.009,3.9768,1.1427,1]},
{"frame":41,"values":[1,0.0059,0,0,-0.0029,0.4922,0.8705,0,0.0051,-0.8704,0.4922,0,0.009,3.9768,1.1427,1]},
{"frame":42,"values":[1,0.0059,0,0,-0.0028,0.4703,0.8825,0,0.0052,-0.8825,0.4703,0,0.009,3.9768,1.1427,1]},
{"frame":43,"values":[1,0.0059,0,0,-0.0027,0.4521,0.892,0,0.0053,-0.892,0.4521,0,0.009,3.9768,1.1427,1]},
{"frame":44,"values":[1,0.0059,0,0,-0.0026,0.4335,0.9012,0,0.0053,-0.9012,0.4335,0,0.009,3.9768,1.1427,1]},
{"frame":45,"values":[1,0.0059,0,0,-0.0024,0.4134,0.9105,0,0.0054,-0.9105,0.4134,0,0.009,3.9768,1.1427,1]},
{"frame":46,"values":[1,0.0059,0,0,-0.0023,0.3932,0.9194,0,0.0054,-0.9194,0.3932,0,0.009,3.9768,1.1427,1]},
{"frame":47,"values":[1,0.0059,0,0,-0.0022,0.3728,0.9279,0,0.0055,-0.9279,0.3728,0,0.009,3.9768,1.1427,1]},
{"frame":48,"values":[1,0.0059,0,0,-0.0021,0.3522,0.9359,0,0.0055,-0.9359,0.3522,0,0.009,3.9768,1.1427,1]},
{"frame":49,"values":[1,0.0059,0,0,-0.002,0.3314,0.9435,0,0.0056,-0.9435,0.3314,0,0.009,3.9768,1.1427,1]},
{"frame":50,"values":[1,0.0059,0,0,-0.0018,0.3105,0.9506,0,0.0056,-0.9506,0.3105,0,0.009,3.9768,1.1427,1]},
{"frame":51,"values":[1,0.0059,0,0,-0.0017,0.2894,0.9572,0,0.0057,-0.9572,0.2894,0,0.009,3.9768,1.1427,1]},
{"frame":52,"values":[1,0.0059,0,0,-0.0016,0.2681,0.9634,0,0.0057,-0.9634,0.2682,0,0.009,3.9768,1.1427,1]},
{"frame":53,"values":[1,0.0059,0,0,-0.0015,0.2468,0.9691,0,0.0057,-0.9691,0.2468,0,0.009,3.9768,1.1427,1]},
{"frame":54,"values":[1,0.0059,0,0,-0.0013,0.2253,0.9743,0,0.0058,-0.9743,0.2253,0,0.009,3.9768,1.1427,1]},
{"frame":55,"values":[1,0.0059,0,0,-0.0012,0.2037,0.979,0,0.0058,-0.979,0.2037,0,0.009,3.9768,1.1427,1]},
{"frame":56,"values":[1,0.0059,0,0,-0.0011,0.182,0.9833,0,0.0058,-0.9833,0.182,0,0.009,3.9768,1.1427,1]},
{"frame":57,"values":[1,0.0059,0,0,-0.0009,0.1549,0.9879,0,0.0058,-0.9879,0.1549,0,0.009,3.9768,1.1427,1]},
{"frame":58,"values":[1,0.0059,0,0,-0.0008,0.127,0.9919,0,0.0059,-0.9919,0.127,0,0.009,3.9768,1.1427,1]},
{"frame":59,"values":[1,0.0059,0,0,-0.0007,0.1165,0.9932,0,0.0059,-0.9932,0.1165,0,0.009,3.9768,1.1427,1]},
{"frame":60,"values":[1,0.0059,0,0,-0.0059,0.99,0.1411,0,0.0008,-0.1411,0.99,0,0.009,3.9768,1.1427,1]}],"loopBehavior":1,"name":"anim","property":"_matrix"}},
{"name":"gear2_brance_bone","index":7,"matrix":[1,0.0059,0,0,-0.0059,0.99,0.1411,0,0.0008,-0.1411,0.99,0,0.0042,5.1641,0.4324,1],"rest":[1,0.0059,0,0,-0.0059,0.99,0.1411,0,0.0008,-0.1411,0.99,0,0.0042,5.1641,0.4324,1],"parentBoneIndex":1,"length":3.5976
,"animation":{"dataType":3,"framePerSecond":60,"keys":[
{"frame":0,"values":[1,0.0059,0,0,-0.0059,0.99,0.1411,0,0.0008,-0.1411,0.99,0,0.0042,5.1641,0.4324,1]},
{"frame":1,"values":[1,0.0059,0,0,-0.0058,0.9884,0.1516,0,0.0009,-0.1516,0.9884,0,0.0042,5.1641,0.4324,1]},
{"frame":2,"values":[1,0.0059,0,0,-0.0058,0.9838,0.1794,0,0.0011,-0.1794,0.9838,0,0.0042,5.1641,0.4324,1]},
{"frame":3,"values":[1,0.0059,0,0,-0.0058,0.9784,0.2064,0,0.0012,-0.2064,0.9785,0,0.0042,5.1641,0.4324,1]},
{"frame":4,"values":[1,0.0059,0,0,-0.0058,0.9736,0.228,0,0.0013,-0.228,0.9737,0,0.0042,5.1641,0.4324,1]},
{"frame":5,"values":[1,0.0059,0,0,-0.0057,0.9684,0.2495,0,0.0015,-0.2495,0.9684,0,0.0042,5.1641,0.4324,1]},
{"frame":6,"values":[1,0.0059,0,0,-0.0057,0.9626,0.2708,0,0.0016,-0.2708,0.9626,0,0.0042,5.1641,0.4324,1]},
{"frame":7,"values":[1,0.0059,0,0,-0.0057,0.9564,0.292,0,0.0017,-0.292,0.9564,0,0.0042,5.1641,0.4324,1]},
{"frame":8,"values":[1,0.0059,0,0,-0.0056,0.9497,0.3131,0,0.0019,-0.3131,0.9497,0,0.0042,5.1641,0.4324,1]},
{"frame":9,"values":[1,0.0059,0,0,-0.0056,0.9426,0.334,0,0.002,-0.334,0.9426,0,0.0042,5.1641,0.4324,1]},
{"frame":10,"values":[1,0.0059,0,0,-0.0055,0.9349,0.3548,0,0.0021,-0.3548,0.935,0,0.0042,5.1641,0.4324,1]},
{"frame":11,"values":[1,0.0059,0,0,-0.0055,0.9269,0.3753,0,0.0022,-0.3753,0.9269,0,0.0042,5.1641,0.4324,1]},
{"frame":12,"values":[1,0.0059,0,0,-0.0054,0.9183,0.3957,0,0.0023,-0.3957,0.9184,0,0.0042,5.1641,0.4324,1]},
{"frame":13,"values":[1,0.0059,0,0,-0.0054,0.9094,0.4159,0,0.0025,-0.4159,0.9094,0,0.0042,5.1641,0.4324,1]},
{"frame":14,"values":[1,0.0059,0,0,-0.0053,0.9,0.4359,0,0.0026,-0.4359,0.9,0,0.0042,5.1641,0.4324,1]},
{"frame":15,"values":[1,0.0059,0,0,-0.0053,0.8901,0.4557,0,0.0027,-0.4557,0.8901,0,0.0042,5.1641,0.4324,1]},
{"frame":16,"values":[1,0.0059,0,0,-0.0052,0.8798,0.4753,0,0.0028,-0.4753,0.8798,0,0.0042,5.1641,0.4324,1]},
{"frame":17,"values":[1,0.0059,0,0,-0.0051,0.8691,0.4946,0,0.0029,-0.4946,0.8691,0,0.0042,5.1641,0.4324,1]},
{"frame":18,"values":[1,0.0059,0,0,-0.0051,0.8579,0.5137,0,0.003,-0.5137,0.858,0,0.0042,5.1641,0.4324,1]},
{"frame":19,"values":[1,0.0059,0,0,-0.005,0.8464,0.5326,0,0.0031,-0.5326,0.8464,0,0.0042,5.1641,0.4324,1]},
{"frame":20,"values":[1,0.0059,0,0,-0.0049,0.8344,0.5511,0,0.0033,-0.5511,0.8344,0,0.0042,5.1641,0.4324,1]},
{"frame":21,"values":[1,0.0059,0,0,-0.0049,0.822,0.5695,0,0.0034,-0.5694,0.822,0,0.0042,5.1641,0.4324,1]},
{"frame":22,"values":[1,0.0059,0,0,-0.0048,0.8092,0.5875,0,0.0035,-0.5875,0.8092,0,0.0042,5.1641,0.4324,1]},
{"frame":23,"values":[1,0.0059,0,0,-0.0047,0.796,0.6052,0,0.0036,-0.6052,0.796,0,0.0042,5.1641,0.4324,1]},
{"frame":24,"values":[1,0.0059,0,0,-0.0046,0.7825,0.6227,0,0.0037,-0.6227,0.7825,0,0.0042,5.1641,0.4324,1]},
{"frame":25,"values":[1,0.0059,0,0,-0.0045,0.7685,0.6398,0,0.0038,-0.6398,0.7685,0,0.0042,5.1641,0.4324,1]},
{"frame":26,"values":[1,0.0059,0,0,-0.0045,0.7542,0.6567,0,0.0039,-0.6566,0.7542,0,0.0042,5.1641,0.4324,1]},
{"frame":27,"values":[1,0.0059,0,0,-0.0044,0.7395,0.6732,0,0.004,-0.6732,0.7395,0,0.0042,5.1641,0.4324,1]},
{"frame":28,"values":[1,0.0059,0,0,-0.0043,0.7241,0.6897,0,0.0041,-0.6897,0.7241,0,0.0042,5.1641,0.4324,1]},
{"frame":29,"values":[1,0.0059,0,0,-0.0042,0.7084,0.7058,0,0.0042,-0.7058,0.7084,0,0.0042,5.1641,0.4324,1]},
