{"producer":{"name":"Blender","version":"2.79 (sub 0)","exporter_version":"5.6.2","file":"animations_top.babylon"},
"autoClear":true,"clearColor":[0.0509,0.0509,0.0509],"ambientColor":[0,0,0],"gravity":[0,-9.81,0],
"materials":[{"name":"animations_top.Material","id":"animations_top.Material","ambient":[0.8,0.8,0.8],"diffuse":[0.64,0.64,0.64],"specular":[0.5,0.5,0.5],"emissive":[0,0,0],"specularPower":50,"alpha":1,"backFaceCulling":true,"checkReadyOnlyOnce":false,"maxSimultaneousLights":4}],
"multiMaterials":[],
"skeletons":[{"name":"Arm_Top","id":0,"dimensionsAtRest":[4.3865,9.251,12.0229],"bones":[
{"name":"2_mid","index":0,"matrix":[-0.9999,-0.0109,-0.0041,0,-0.0041,0.6531,-0.7573,0,-0.0109,0.7572,0.6531,0,0,14.1526,8.0221,1],"rest":[-0.9999,-0.0109,-0.0041,0,-0.0041,0.6531,-0.7573,0,-0.0109,0.7572,0.6531,0,0,14.1526,8.0221,1],"parentBoneIndex":-1,"length":11.5808
,"animation":{"dataType":3,"framePerSecond":60,"keys":[
{"frame":0,"values":[-0.9999,-0.0109,-0.0041,0,-0.0041,0.6531,-0.7573,0,-0.0109,0.7572,0.6531,0,0,14.1526,8.0221,1]},
{"frame":60,"values":[-0.9999,-0.0109,-0.0041,0,-0.0041,0.6531,-0.7573,0,-0.0109,0.7572,0.6531,0,0,14.1526,8.0221,1]}],"loopBehavior":1,"name":"anim","property":"_matrix"}},
{"name":"wire_top_deform.029","index":1,"matrix":[-0.999,-0.0443,0.0007,0,0.0437,-0.9879,-0.1489,0,0.0073,-0.1487,0.9889,0,-0.3561,8.8431,1.5235,1],"rest":[-0.999,-0.0443,0.0007,0,0.0437,-0.9879,-0.1489,0,0.0073,-0.1487,0.9889,0,-0.3561,8.8431,1.5235,1],"parentBoneIndex":0,"length":0.2942
,"animation":{"dataType":3,"framePerSecond":60,"keys":[
{"frame":0,"values":[-0.999,-0.0443,0.0007,0,0.0437,-0.9879,-0.1489,0,0.0073,-0.1487,0.9889,0,-0.3561,8.8431,1.5235,1]},
{"frame":60,"values":[-0.999,-0.0443,0.0007,0,0.0437,-0.9879,-0.1489,0,0.0073,-0.1487,0.9889,0,-0.3561,8.8431,1.5235,1]}],"loopBehavior":1,"name":"anim","property":"_matrix"}},
{"name":"3_top","index":2,"matrix":[0.9999,0.007,0.0072,0,0.0072,-0.0077,-0.9999,0,-0.007,0.9999,-0.0077,0,0,11.5808,0,1],"rest":[0.9999,0.007,0.0072,0,0.0072,-0.0077,-0.9999,0,-0.007,0.9999,-0.0077,0,0,11.5808,0,1],"parentBoneIndex":0,"length":5.026
,"animation":{"dataType":3,"framePerSecond":60,"keys":[
{"frame":0,"values":[0.9999,0.007,0.0072,0,0.0072,-0.0077,-0.9999,0,-0.007,0.9999,-0.0077,0,0,11.5808,0,1]},
{"frame":1,"values":[0.9999,0.007,0.0072,0,0.0072,0.0018,-1,0,-0.007,1,0.0018,0,0,11.5808,0,1]},
{"frame":2,"values":[0.9999,0.007,0.0072,0,0.0071,0.0113,-0.9999,0,-0.0071,0.9999,0.0112,0,0,11.5808,0,1]},
{"frame":3,"values":[0.9999,0.007,0.0072,0,0.007,0.0208,-0.9998,0,-0.0072,0.9998,0.0207,0,0,11.5808,0,1]},
{"frame":4,"values":[0.9999,0.007,0.0072,0,0.007,0.0303,-0.9995,0,-0.0072,0.9995,0.0302,0,0,11.5808,0,1]},
{"frame":5,"values":[0.9999,0.007,0.0072,0,0.0069,0.0398,-0.9992,0,-0.0073,0.9992,0.0397,0,0,11.5808,0,1]},
{"frame":6,"values":[0.9999,0.007,0.0072,0,0.0068,0.0492,-0.9988,0,-0.0074,0.9988,0.0492,0,0,11.5808,0,1]},
{"frame":7,"values":[0.9999,0.007,0.0072,0,0.0067,0.0587,-0.9983,0,-0.0074,0.9982,0.0587,0,0,11.5808,0,1]},
{"frame":8,"values":[0.9999,0.007,0.0072,0,0.0067,0.0682,-0.9976,0,-0.0075,0.9976,0.0682,0,0,11.5808,0,1]},
{"frame":9,"values":[0.9999,0.007,0.0072,0,0.0066,0.0777,-0.997,0,-0.0075,0.997,0.0776,0,0,11.5808,0,1]},
{"frame":10,"values":[0.9999,0.007,0.0072,0,0.0065,0.0871,-0.9962,0,-0.0076,0.9962,0.0871,0,0,11.5808,0,1]},
{"frame":11,"values":[0.9999,0.007,0.0072,0,0.0065,0.0966,-0.9953,0,-0.0077,0.9953,0.0965,0,0,11.5808,0,1]},
{"frame":12,"values":[0.9999,0.007,0.0072,0,0.0064,0.106,-0.9943,0,-0.0077,0.9943,0.106,0,0,11.5808,0,1]},
{"frame":13,"values":[0.9999,0.007,0.0072,0,0.0063,0.1155,-0.9933,0,-0.0078,0.9933,0.1154,0,0,11.5808,0,1]},
{"frame":14,"values":[0.9999,0.007,0.0072,0,0.0062,0.1249,-0.9922,0,-0.0079,0.9921,0.1248,0,0,11.5808,0,1]},
{"frame":15,"values":[0.9999,0.007,0.0072,0,0.0062,0.1343,-0.9909,0,-0.0079,0.9909,0.1342,0,0,11.5808,0,1]},
{"frame":16,"values":[0.9999,0.007,0.0072,0,0.006,0.1559,-0.9877,0,-0.008,0.9877,0.1559,0,0,11.5808,0,1]},
{"frame":17,"values":[0.9999,0.007,0.0072,0,0.0058,0.1775,-0.9841,0,-0.0082,0.9841,0.1775,0,0,11.5808,0,1]},
{"frame":18,"values":[0.9999,0.007,0.0072,0,0.0056,0.199,-0.98,0,-0.0083,0.98,0.199,0,0,11.5808,0,1]},
{"frame":19,"values":[0.9999,0.007,0.0072,0,0.0055,0.2204,-0.9754,0,-0.0084,0.9754,0.2204,0,0,11.5808,0,1]},
{"frame":20,"values":[0.9999,0.007,0.0072,0,0.0053,0.2417,-0.9703,0,-0.0085,0.9703,0.2417,0,0,11.5808,0,1]},
{"frame":21,"values":[0.9999,0.007,0.0072,0,0.0051,0.2629,-0.9648,0,-0.0086,0.9648,0.2628,0,0,11.5808,0,1]},
{"frame":22,"values":[0.9999,0.007,0.0072,0,0.0049,0.2839,-0.9588,0,-0.0088,0.9588,0.2839,0,0,11.5808,0,1]},
{"frame":23,"values":[0.9999,0.007,0.0072,0,0.0047,0.3048,-0.9524,0,-0.0089,0.9524,0.3048,0,0,11.5808,0,1]},
{"frame":24,"values":[0.9999,0.007,0.0072,0,0.0045,0.3256,-0.9455,0,-0.009,0.9455,0.3256,0,0,11.5808,0,1]},
{"frame":25,"values":[0.9999,0.007,0.0072,0,0.0043,0.3462,-0.9381,0,-0.0091,0.9381,0.3462,0,0,11.5808,0,1]},
{"frame":26,"values":[0.9999,0.007,0.0072,0,0.0041,0.3667,-0.9303,0,-0.0092,0.9303,0.3666,0,0,11.5808,0,1]},
{"frame":27,"values":[0.9999,0.007,0.0072,0,0.0039,0.3869,-0.9221,0,-0.0092,0.9221,0.3869,0,0,11.5808,0,1]},
{"frame":28,"values":[0.9999,0.007,0.0072,0,0.0037,0.407,-0.9134,0,-0.0093,0.9134,0.407,0,0,11.5808,0,1]},
{"frame":29,"values":[0.9999,0.007,0.0072,0,0.0035,0.4269,-0.9043,0,-0.0094,0.9043,0.4269,0,0,11.5808,0,1]},
{"frame":30,"values":[0.9999,0.007,0.0072,0,0.0033,0.4466,-0.8947,0,-0.0095,0.8947,0.4465,0,0,11.5808,0,1]},
{"frame":31,"values":[0.9999,0.007,0.0072,0,0.003,0.47,-0.8827,0,-0.0096,0.8827,0.4699,0,0,11.5808,0,1]},
{"frame":32,"values":[0.9999,0.007,0.0072,0,0.0028,0.493,-0.87,0,-0.0096,0.87,0.493,0,0,11.5808,0,1]},
{"frame":33,"values":[0.9999,0.007,0.0072,0,0.0025,0.5158,-0.8567,0,-0.0097,0.8567,0.5157,0,0,11.5808,0,1]},
{"frame":34,"values":[0.9999,0.007,0.0072,0,0.0023,0.5381,-0.8428,0,-0.0098,0.8428,0.5381,0,0,11.5808,0,1]},
{"frame":35,"values":[0.9999,0.007,0.0072,0,0.002,0.5601,-0.8284,0,-0.0098,0.8284,0.5601,0,0,11.5808,0,1]},
{"frame":36,"values":[0.9999,0.007,0.0072,0,0.0018,0.5818,-0.8134,0,-0.0099,0.8133,0.5817,0,0,11.5808,0,1]},
{"frame":37,"values":[0.9999,0.007,0.0072,0,0.0015,0.603,-0.7978,0,-0.0099,0.7977,0.6029,0,0,11.5808,0,1]},
{"frame":38,"values":[0.9999,0.007,0.0072,0,0.0012,0.6237,-0.7816,0,-0.01,0.7816,0.6237,0,0,11.5808,0,1]},
{"frame":39,"values":[0.9999,0.007,0.0072,0,0.001,0.6441,-0.7649,0,-0.01,0.7649,0.6441,0,0,11.5808,0,1]},
{"frame":40,"values":[0.9999,0.007,0.0072,0,0.0007,0.664,-0.7477,0,-0.01,0.7477,0.664,0,0,11.5808,0,1]},
{"frame":41,"values":[0.9999,0.007,0.0072,0,0.0004,0.6835,-0.73,0,-0.01,0.73,0.6834,0,0,11.5808,0,1]},
{"frame":42,"values":[0.9999,0.007,0.0072,0,0.0002,0.7024,-0.7117,0,-0.01,0.7117,0.7024,0,0,11.5808,0,1]},
{"frame":43,"values":[0.9999,0.007,0.0072,0,-0.0001,0.7209,-0.693,0,-0.01,0.693,0.7209,0,0,11.5808,0,1]},
{"frame":44,"values":[0.9999,0.007,0.0072,0,-0.0003,0.7389,-0.6738,0,-0.01,0.6738,0.7389,0,0,11.5808,0,1]},
{"frame":45,"values":[0.9999,0.007,0.0072,0,-0.0005,0.7474,-0.6644,0,-0.01,0.6643,0.7474,0,0,11.5808,0,1]},
{"frame":46,"values":[0.9999,0.007,0.0072,0,-0.0006,0.7558,-0.6548,0,-0.01,0.6548,0.7558,0,0,11.5808,0,1]},
{"frame":47,"values":[0.9999,0.007,0.0072,0,-0.0007,0.7641,-0.6452,0,-0.01,0.6451,0.764,0,0,11.5808,0,1]},
{"frame":48,"values":[0.9999,0.007,0.0072,0,-0.0009,0.7722,-0.6354,0,-0.01,0.6354,0.7722,0,0,11.5808,0,1]},
{"frame":49,"values":[0.9999,0.007,0.0072,0,-0.001,0.7802,-0.6255,0,-0.01,0.6255,0.7802,0,0,11.5808,0,1]},
{"frame":50,"values":[0.9999,0.007,0.0072,0,-0.0011,0.7881,-0.6156,0,-0.01,0.6155,0.788,0,0,11.5808,0,1]},
{"frame":51,"values":[0.9999,0.007,0.0072,0,-0.0012,0.7958,-0.6055,0,-0.01,0.6055,0.7958,0,0,11.5808,0,1]},
{"frame":52,"values":[0.9999,0.007,0.0072,0,-0.0014,0.8035,-0.5954,0,-0.0099,0.5953,0.8034,0,0,11.5808,0,1]},
{"frame":53,"values":[0.9999,0.007,0.0072,0,-0.0015,0.811,-0.5851,0,-0.0099,0.5851,0.8109,0,0,11.5808,0,1]},
{"frame":54,"values":[0.9999,0.007,0.0072,0,-0.0016,0.8183,-0.5747,0,-0.0099,0.5747,0.8183,0,0,11.5808,0,1]},
{"frame":55,"values":[0.9999,0.007,0.0072,0,-0.0017,0.8256,-0.5643,0,-0.0099,0.5643,0.8255,0,0,11.5808,0,1]},
{"frame":56,"values":[0.9999,0.007,0.0072,0,-0.0019,0.8327,-0.5538,0,-0.0099,0.5537,0.8326,0,0,11.5808,0,1]},
{"frame":57,"values":[0.9999,0.007,0.0072,0,-0.002,0.8396,-0.5432,0,-0.0098,0.5431,0.8396,0,0,11.5808,0,1]},
{"frame":58,"values":[0.9999,0.007,0.0072,0,-0.0021,0.8465,-0.5324,0,-0.0098,0.5324,0.8464,0,0,11.5808,0,1]},
{"frame":59,"values":[0.9999,0.007,0.0072,0,-0.0022,0.8532,-0.5216,0,-0.0098,0.5216,0.8531,0,0,11.5808,0,1]},
{"frame":60,"values":[0.9999,0.007,0.0072,0,0.0072,-0.0077,-0.9999,0,-0.007,0.9999,-0.0077,0,0,11.5808,0,1]}],"loopBehavior":1,"name":"anim","property":"_matrix"}},
{"name":"wire_top_deform","index":3,"matrix":[-1,0.0097,-0.0021,0,-0.0098,-0.9957,0.0925,0,-0.0011,0.0925,0.9958,0,-0.2417,0.9635,1.0615,1],"rest":[-1,0.0097,-0.002,0,-0.0098,-0.9957,0.0925,0,-0.0011,0.0925,0.9957,0,-0.2417,0.9635,1.0615,1],"parentBoneIndex":2,"length":0.374
,"animation":{"dataType":3,"framePerSecond":60,"keys":[
{"frame":0,"values":[-1,0.0097,-0.0021,0,-0.0098,-0.9957,0.0925,0,-0.0011,0.0925,0.9958,0,-0.2417,0.9635,1.0615,1]},
{"frame":60,"values":[-1,0.0097,-0.0021,0,-0.0098,-0.9957,0.0925,0,-0.0011,0.0925,0.9958,0,-0.2417,0.9635,1.0615,1]}],"loopBehavior":1,"name":"anim","property":"_matrix"}},
{"name":"wire_top_deform.001","index":4,"matrix":[0.9999,0.016,0.0002,0,-0.016,0.9991,0.0404,0,0.0004,-0.0404,0.9992,0,0,0.374,0,1],"rest":[0.9999,0.016,0.0002,0,-0.016,0.9991,0.0404,0,0.0004,-0.0404,0.9992,0,0,0.374,0,1],"parentBoneIndex":3,"length":0.3027
,"animation":{"dataType":3,"framePerSecond":60,"keys":[
{"frame":0,"values":[0.9999,0.016,0.0002,0,-0.016,0.9991,0.0404,0,0.0004,-0.0404,0.9992,0,0,0.374,0,1]},
{"frame":1,"values":[0.9999,0.016,0.0002,0,-0.016,0.9991,0.0404,0,0.0004,-0.0404,0.9992,0,0,0.3741,0,1]},
{"frame":2,"values":[0.9999,0.016,0.0002,0,-0.016,0.9991,0.0404,0,0.0004,-0.0404,0.9992,0,0,0.374,0,1]},
{"frame":60,"values":[0.9999,0.016,0.0002,0,-0.016,0.9991,0.0404,0,0.0004,-0.0404,0.9992,0,0,0.374,0,1]}],"loopBehavior":1,"name":"anim","property":"_matrix"}},
{"name":"wire_top_deform.002","index":5,"matrix":[0.9998,-0.0209,0.0017,0,0.0208,0.998,0.0601,0,-0.003,-0.06,0.9982,0,0,0.3027,0,1],"rest":[0.9998,-0.0209,0.0017,0,0.0208,0.998,0.0601,0,-0.003,-0.06,0.9982,0,0,0.3027,0,1],"parentBoneIndex":4,"length":0.3026
,"animation":{"dataType":3,"framePerSecond":60,"keys":[
{"frame":0,"values":[0.9998,-0.0209,0.0017,0,0.0208,0.998,0.0601,0,-0.003,-0.06,0.9982,0,0,0.3027,0,1]},
{"frame":60,"values":[0.9998,-0.0209,0.0017,0,0.0208,0.998,0.0601,0,-0.003,-0.06,0.9982,0,0,0.3027,0,1]}],"loopBehavior":1,"name":"anim","property":"_matrix"}},
{"name":"wire_top_deform.003","index":6,"matrix":[0.9999,0.0072,-0.0077,0,-0.0068,0.9983,0.0579,0,0.0082,-0.0578,0.9983,0,0,0.3026,0,1],"rest":[0.9999,0.0072,-0.0077,0,-0.0068,0.9983,0.0579,0,0.0082,-0.0578,0.9983,0,0,0.3026,0,1],"parentBoneIndex":5,"length":0.3032
,"animation":{"dataType":3,"framePerSecond":60,"keys":[
{"frame":0,"values":[0.9999,0.0072,-0.0077,0,-0.0068,0.9983,0.0579,0,0.0082,-0.0578,0.9983,0,0,0.3026,0,1]},
{"frame":60,"values":[0.9999,0.0072,-0.0077,0,-0.0068,0.9983,0.0579,0,0.0082,-0.0578,0.9983,0,0,0.3026,0,1]}],"loopBehavior":1,"name":"anim","property":"_matrix"}},
{"name":"wire_top_deform.004","index":7,"matrix":[0.9981,0.0048,-0.0619,0,-0.0239,0.9495,-0.3129,0,0.0573,0.3137,0.9478,0,0,0.3032,0,1],"rest":[0.9981,0.0048,-0.0619,0,-0.024,0.9496,-0.3127,0,0.0572,0.3135,0.9478,0,0,0.3033,0,1],"parentBoneIndex":6,"length":0.3039
,"animation":{"dataType":3,"framePerSecond":60,"keys":[
{"frame":0,"values":[0.9981,0.0048,-0.0619,0,-0.0239,0.9495,-0.3129,0,0.0573,0.3137,0.9478,0,0,0.3032,0,1]},
{"frame":1,"values":[0.9981,0.0053,-0.0613,0,-0.024,0.9509,-0.3085,0,0.0566,0.3094,0.9493,0,0,0.3033,0,1]},
{"frame":2,"values":[0.9981,0.0059,-0.0606,0,-0.0241,0.9523,-0.3042,0,0.0559,0.305,0.9507,0,0,0.3033,0,1]},
{"frame":3,"values":[0.9982,0.0064,-0.06,0,-0.0241,0.9537,-0.2999,0,0.0553,0.3007,0.9521,0,0,0.3033,0,1]},
{"frame":4,"values":[0.9982,0.0069,-0.0593,0,-0.0242,0.955,-0.2955,0,0.0546,0.2964,0.9535,0,0,0.3032,0,1]},
{"frame":5,"values":[0.9982,0.0074,-0.0587,0,-0.0242,0.9564,-0.2912,0,0.0539,0.292,0.9549,0,0,0.3032,0,1]},
{"frame":6,"values":[0.9983,0.008,-0.058,0,-0.0243,0.9577,-0.2868,0,0.0532,0.2876,0.9563,0,0,0.3032,0,1]},
{"frame":7,"values":[0.9983,0.0085,-0.0573,0,-0.0244,0.959,-0.2824,0,0.0525,0.2833,0.9576,0,0,0.3032,0,1]},
{"frame":8,"values":[0.9984,0.009,-0.0566,0,-0.0244,0.9603,-0.2781,0,0.0518,0.2789,0.9589,0,0,0.3032,0,1]},
{"frame":9,"values":[0.9984,0.0095,-0.0559,0,-0.0245,0.9615,-0.2737,0,0.0511,0.2745,0.9602,0,0,0.3032,0,1]},
{"frame":10,"values":[0.9984,0.0101,-0.0552,0,-0.0246,0.9627,-0.2693,0,0.0504,0.2702,0.9615,0,0,0.3033,0,1]},
{"frame":11,"values":[0.9985,0.0106,-0.0544,0,-0.0246,0.964,-0.2649,0,0.0497,0.2658,0.9628,0,0,0.3032,0,1]},
{"frame":12,"values":[0.9985,0.0111,-0.0537,0,-0.0247,0.9652,-0.2605,0,0.0489,0.2614,0.964,0,0,0.3032,0,1]},
{"frame":13,"values":[0.9985,0.0116,-0.0529,0,-0.0248,0.9663,-0.2561,0,0.0482,0.257,0.9652,0,0,0.3033,0,1]},
{"frame":14,"values":[0.9986,0.0121,-0.0522,0,-0.0249,0.9675,-0.2517,0,0.0474,0.2526,0.9664,0,0,0.3032,0,1]},
{"frame":15,"values":[0.9986,0.0126,-0.0514,0,-0.0249,0.9686,-0.2473,0,0.0466,0.2482,0.9676,0,0,0.3032,0,1]},
{"frame":16,"values":[0.9987,0.0138,-0.0495,0,-0.0251,0.9711,-0.2372,0,0.0448,0.238,0.9702,0,0,0.3032,0,1]},
{"frame":17,"values":[0.9988,0.0149,-0.0476,0,-0.0253,0.9736,-0.227,0,0.043,0.2278,0.9728,0,0,0.3032,0,1]},
{"frame":18,"values":[0.9988,0.016,-0.0456,0,-0.0255,0.9759,-0.2168,0,0.0411,0.2176,0.9752,0,0,0.3032,0,1]},
{"frame":19,"values":[0.9989,0.017,-0.0436,0,-0.0257,0.9781,-0.2066,0,0.0391,0.2074,0.9775,0,0,0.3032,0,1]},
{"frame":20,"values":[0.999,0.0181,-0.0414,0,-0.0259,0.9802,-0.1964,0,0.0371,0.1972,0.9797,0,0,0.3032,0,1]},
{"frame":21,"values":[0.999,0.019,-0.0392,0,-0.026,0.9822,-0.1863,0,0.035,0.187,0.9817,0,0,0.3033,0,1]},
{"frame":22,"values":[0.9991,0.02,-0.037,0,-0.0262,0.984,-0.176,0,0.0328,0.1767,0.9837,0,0,0.3032,0,1]},
{"frame":23,"values":[0.9992,0.021,-0.0346,0,-0.0264,0.9858,-0.1658,0,0.0306,0.1665,0.9856,0,0,0.3032,0,1]},
{"frame":24,"values":[0.9992,0.0219,-0.0322,0,-0.0267,0.9875,-0.1555,0,0.0284,0.1562,0.9873,0,0,0.3032,0,1]},
{"frame":25,"values":[0.9993,0.0228,-0.0297,0,-0.0269,0.989,-0.1455,0,0.0261,0.1461,0.9889,0,0,0.3032,0,1]},
{"frame":26,"values":[0.9993,0.0237,-0.0272,0,-0.0271,0.9904,-0.1352,0,0.0237,0.1358,0.9905,0,0,0.3032,0,1]},
{"frame":27,"values":[0.9994,0.0245,-0.0245,0,-0.0274,0.9918,-0.1249,0,0.0213,0.1255,0.9919,0,0,0.3032,0,1]},
{"frame":28,"values":[0.9994,0.0253,-0.0218,0,-0.0276,0.993,-0.1147,0,0.0188,0.1152,0.9932,0,0,0.3032,0,1]},
{"frame":29,"values":[0.9995,0.0261,-0.0191,0,-0.0279,0.9941,-0.1045,0,0.0162,0.1049,0.9944,0,0,0.3032,0,1]},
{"frame":30,"values":[0.9995,0.0268,-0.0162,0,-0.0282,0.9951,-0.0944,0,0.0136,0.0947,0.9954,0,0,0.3033,0,1]},
{"frame":31,"values":[0.9995,0.0277,-0.0127,0,-0.0286,0.9962,-0.0822,0,0.0104,0.0824,0.9965,0,0,0.3032,0,1]},
{"frame":32,"values":[0.9996,0.0284,-0.0091,0,-0.029,0.9971,-0.0701,0,0.007,0.0702,0.9975,0,0,0.3033,0,1]},
{"frame":33,"values":[0.9996,0.0292,-0.0054,0,-0.0295,0.9979,-0.058,0,0.0036,0.0581,0.9983,0,0,0.3032,0,1]},
{"frame":34,"values":[0.9996,0.0299,-0.0016,0,-0.0299,0.9985,-0.0462,0,0.0002,0.0461,0.9989,0,0,0.3032,0,1]},
{"frame":35,"values":[0.9995,0.0305,0.0024,0,-0.0304,0.9989,-0.0343,0,-0.0034,0.0341,0.9994,0,0,0.3032,0,1]},
{"frame":36,"values":[0.9995,0.0311,0.0064,0,-0.031,0.9993,-0.0224,0,-0.0071,0.0222,0.9997,0,0,0.3032,0,1]},
{"frame":37,"values":[0.9994,0.0316,0.0105,0,-0.0315,0.9994,-0.0107,0,-0.0109,0.0103,0.9999,0,0,0.3032,0,1]},
{"frame":38,"values":[0.9994,0.0321,0.0147,0,-0.0322,0.9995,0.0009,0,-0.0147,-0.0015,0.9999,0,0,0.3032,0,1]},
{"frame":39,"values":[0.9993,0.0326,0.019,0,-0.0328,0.9994,0.0124,0,-0.0187,-0.0131,0.9998,0,0,0.3032,0,1]},
{"frame":40,"values":[0.9992,0.033,0.0235,0,-0.0335,0.9991,0.0238,0,-0.0227,-0.0246,0.9995,0,0,0.3032,0,1]},
{"frame":41,"values":[0.9991,0.0333,0.0279,0,-0.0343,0.9988,0.035,0,-0.0268,-0.036,0.999,0,0,0.3032,0,1]},
{"frame":42,"values":[0.9989,0.0336,0.0325,0,-0.0351,0.9983,0.046,0,-0.0309,-0.0472,0.9984,0,0,0.3032,0,1]},
{"frame":43,"values":[0.9987,0.0338,0.0372,0,-0.0359,0.9977,0.0569,0,-0.0352,-0.0582,0.9977,0,0,0.3032,0,1]},
{"frame":44,"values":[0.9985,0.034,0.0419,0,-0.0368,0.997,0.0675,0,-0.0395,-0.069,0.9969,0,0,0.3032,0,1]},
{"frame":45,"values":[0.9984,0.0341,0.0441,0,-0.0372,0.9967,0.0725,0,-0.0415,-0.0741,0.9964,0,0,0.3032,0,1]},
{"frame":46,"values":[0.9983,0.0341,0.0465,0,-0.0377,0.9963,0.0776,0,-0.0437,-0.0793,0.9959,0,0,0.3032,0,1]},
{"frame":47,"values":[0.9982,0.0342,0.0488,0,-0.0382,0.9958,0.0824,0,-0.0458,-0.0842,0.9954,0,0,0.3032,0,1]},
{"frame":48,"values":[0.9981,0.0342,0.0511,0,-0.0386,0.9954,0.0872,0,-0.0479,-0.0891,0.9949,0,0,0.3032,0,1]},
{"frame":49,"values":[0.998,0.0343,0.0535,0,-0.0391,0.9949,0.0922,0,-0.0501,-0.0942,0.9943,0,0,0.3032,0,1]},
{"frame":50,"values":[0.9978,0.0343,0.0558,0,-0.0396,0.9945,0.0969,0,-0.0522,-0.099,0.9937,0,0,0.3032,0,1]},
{"frame":51,"values":[0.9977,0.0344,0.0582,0,-0.0402,0.994,0.1017,0,-0.0544,-0.1039,0.9931,0,0,0.3032,0,1]},
{"frame":52,"values":[0.9976,0.0344,0.0606,0,-0.0407,0.9935,0.1063,0,-0.0565,-0.1086,0.9925,0,0,0.3032,0,1]},
{"frame":53,"values":[0.9974,0.0344,0.063,0,-0.0413,0.9929,0.111,0,-0.0587,-0.1134,0.9918,0,0,0.3032,0,1]},
{"frame":54,"values":[0.9973,0.0344,0.0654,0,-0.0418,0.9924,0.1154,0,-0.0609,-0.1179,0.9912,0,0,0.3032,0,1]},
{"frame":55,"values":[0.9971,0.0344,0.0677,0,-0.0424,0.9919,0.1198,0,-0.0631,-0.1224,0.9905,0,0,0.3032,0,1]},
{"frame":56,"values":[0.9969,0.0344,0.0702,0,-0.043,0.9913,0.1243,0,-0.0653,-0.127,0.9898,0,0,0.3032,0,1]},
{"frame":57,"values":[0.9968,0.0344,0.0725,0,-0.0436,0.9907,0.1285,0,-0.0675,-0.1313,0.9891,0,0,0.3032,0,1]},
{"frame":58,"values":[0.9966,0.0344,0.075,0,-0.0442,0.9901,0.1328,0,-0.0697,-0.1358,0.9883,0,0,0.3032,0,1]},
{"frame":59,"values":[0.9964,0.0344,0.0774,0,-0.0448,0.9895,0.1369,0,-0.0719,-0.14,0.9876,0,0,0.3032,0,1]},
{"frame":60,"values":[0.9981,0.0048,-0.0619,0,-0.0239,0.9495,-0.3129,0,0.0573,0.3137,0.9478,0,0,0.3032,0,1]}],"loopBehavior":1,"name":"anim","property":"_matrix"}},
{"name":"wire_top_deform.005","index":8,"matrix":[0.9997,-0.0019,-0.0244,0,-0.0034,0.9765,-0.2154,0,0.0242,0.2154,0.9762,0,0,0.3039,0,1],"rest":[0.9997,-0.0019,-0.0244,0,-0.0034,0.9766,-0.2153,0,0.0242,0.2153,0.9763,0,0,0.3039,0,1],"parentBoneIndex":7,"length":0.3776
,"animation":{"dataType":3,"framePerSecond":60,"keys":[
{"frame":0,"values":[0.9997,-0.0019,-0.0244,0,-0.0034,0.9765,-0.2154,0,0.0242,0.2154,0.9762,0,0,0.3039,0,1]},
{"frame":1,"values":[0.9997,-0.0016,-0.0237,0,-0.0034,0.9772,-0.2122,0,0.0235,0.2121,0.977,0,0,0.3039,0,1]},
{"frame":2,"values":[0.9997,-0.0014,-0.0229,0,-0.0034,0.9779,-0.2089,0,0.0227,0.2089,0.9777,0,0,0.3039,0,1]},
{"frame":3,"values":[0.9998,-0.0011,-0.0221,0,-0.0035,0.9786,-0.2057,0,0.0219,0.2057,0.9784,0,0,0.3039,0,1]},
{"frame":4,"values":[0.9998,-0.0009,-0.0213,0,-0.0035,0.9793,-0.2024,0,0.0211,0.2024,0.9791,0,0,0.3039,0,1]},
{"frame":5,"values":[0.9998,-0.0006,-0.0205,0,-0.0035,0.9799,-0.1992,0,0.0203,0.1992,0.9798,0,0,0.3039,0,1]},
{"frame":6,"values":[0.9998,-0.0004,-0.0198,0,-0.0035,0.9806,-0.1959,0,0.0194,0.1959,0.9804,0,0,0.3039,0,1]},
{"frame":7,"values":[0.9998,-0.0001,-0.0189,0,-0.0035,0.9812,-0.1927,0,0.0186,0.1927,0.9811,0,0,0.3039,0,1]},
{"frame":8,"values":[0.9998,0.0001,-0.0181,0,-0.0035,0.9819,-0.1894,0,0.0178,0.1894,0.9817,0,0,0.3039,0,1]},
{"frame":9,"values":[0.9998,0.0003,-0.0173,0,-0.0036,0.9825,-0.1861,0,0.0169,0.1861,0.9824,0,0,0.3039,0,1]},
{"frame":10,"values":[0.9999,0.0006,-0.0165,0,-0.0036,0.9831,-0.1829,0,0.0161,0.1829,0.983,0,0,0.3039,0,1]},
{"frame":11,"values":[0.9999,0.0008,-0.0156,0,-0.0036,0.9837,-0.1796,0,0.0152,0.1796,0.9836,0,0,0.3039,0,1]},
{"frame":12,"values":[0.9999,0.001,-0.0148,0,-0.0036,0.9843,-0.1763,0,0.0144,0.1763,0.9842,0,0,0.3039,0,1]},
{"frame":13,"values":[0.9999,0.0012,-0.0139,0,-0.0036,0.9849,-0.173,0,0.0135,0.173,0.9848,0,0,0.3039,0,1]},
{"frame":14,"values":[0.9999,0.0014,-0.0131,0,-0.0036,0.9855,-0.1698,0,0.0126,0.1698,0.9854,0,0,0.3039,0,1]},
{"frame":15,"values":[0.9999,0.0017,-0.0122,0,-0.0037,0.986,-0.1665,0,0.0117,0.1665,0.986,0,0,0.3039,0,1]},
{"frame":16,"values":[0.9999,0.0021,-0.0101,0,-0.0037,0.9873,-0.1589,0,0.0097,0.1589,0.9873,0,0,0.3039,0,1]},
{"frame":17,"values":[1,0.0026,-0.008,0,-0.0037,0.9885,-0.1514,0,0.0075,0.1513,0.9885,0,0,0.3039,0,1]},
{"frame":18,"values":[1,0.0029,-0.0059,0,-0.0038,0.9896,-0.1438,0,0.0054,0.1438,0.9896,0,0,0.3039,0,1]},
{"frame":19,"values":[1,0.0033,-0.0036,0,-0.0038,0.9907,-0.1362,0,0.0032,0.1362,0.9907,0,0,0.3039,0,1]},
{"frame":20,"values":[1,0.0036,-0.0014,0,-0.0037,0.9917,-0.1287,0,0.0009,0.1286,0.9917,0,0,0.3039,0,1]},
{"frame":21,"values":[1,0.0039,0.0009,0,-0.0037,0.9926,-0.1212,0,-0.0014,0.1211,0.9926,0,0,0.3039,0,1]},
{"frame":22,"values":[1,0.0041,0.0033,0,-0.0037,0.9935,-0.1136,0,-0.0038,0.1135,0.9935,0,0,0.3039,0,1]},
{"frame":23,"values":[1,0.0043,0.0057,0,-0.0037,0.9943,-0.106,0,-0.0062,0.1059,0.9944,0,0,0.3039,0,1]},
{"frame":24,"values":[1,0.0045,0.0082,0,-0.0037,0.9951,-0.0984,0,-0.0086,0.0983,0.9951,0,0,0.3039,0,1]},
{"frame":25,"values":[0.9999,0.0046,0.0107,0,-0.0036,0.9958,-0.091,0,-0.0111,0.091,0.9958,0,0,0.3039,0,1]},
{"frame":26,"values":[0.9999,0.0047,0.0134,0,-0.0036,0.9965,-0.0835,0,-0.0137,0.0834,0.9964,0,0,0.3039,0,1]},
{"frame":27,"values":[0.9999,0.0048,0.016,0,-0.0036,0.9971,-0.0759,0,-0.0163,0.0758,0.997,0,0,0.3039,0,1]},
{"frame":28,"values":[0.9998,0.0048,0.0187,0,-0.0035,0.9976,-0.0684,0,-0.019,0.0683,0.9975,0,0,0.3039,0,1]},
{"frame":29,"values":[0.9998,0.0048,0.0215,0,-0.0035,0.9981,-0.0609,0,-0.0218,0.0608,0.9979,0,0,0.3039,0,1]},
{"frame":30,"values":[0.9997,0.0048,0.0243,0,-0.0035,0.9985,-0.0535,0,-0.0246,0.0533,0.9983,0,0,0.3039,0,1]},
{"frame":31,"values":[0.9996,0.0047,0.0278,0,-0.0035,0.999,-0.0446,0,-0.028,0.0444,0.9986,0,0,0.3039,0,1]},
{"frame":32,"values":[0.9995,0.0045,0.0314,0,-0.0034,0.9993,-0.0358,0,-0.0315,0.0356,0.9989,0,0,0.3039,0,1]},
{"frame":33,"values":[0.9994,0.0044,0.035,0,-0.0034,0.9996,-0.027,0,-0.0351,0.0268,0.999,0,0,0.3039,0,1]},
{"frame":34,"values":[0.9992,0.0041,0.0387,0,-0.0034,0.9998,-0.0185,0,-0.0388,0.0183,0.9991,0,0,0.3039,0,1]},
{"frame":35,"values":[0.9991,0.0038,0.0425,0,-0.0034,0.9999,-0.0098,0,-0.0426,0.0096,0.999,0,0,0.3039,0,1]},
{"frame":36,"values":[0.9989,0.0035,0.0464,0,-0.0034,1,-0.0013,0,-0.0464,0.0011,0.9989,0,0,0.3039,0,1]},
{"frame":37,"values":[0.9987,0.0031,0.0504,0,-0.0034,1,0.0071,0,-0.0504,-0.0073,0.9987,0,0,0.3039,0,1]},
{"frame":38,"values":[0.9985,0.0026,0.0545,0,-0.0035,0.9999,0.0155,0,-0.0544,-0.0157,0.9984,0,0,0.3039,0,1]},
{"frame":39,"values":[0.9983,0.0022,0.0586,0,-0.0035,0.9997,0.0237,0,-0.0586,-0.0239,0.998,0,0,0.3039,0,1]},
{"frame":40,"values":[0.998,0.0016,0.0628,0,-0.0036,0.9995,0.0317,0,-0.0628,-0.032,0.9975,0,0,0.3039,0,1]},
{"frame":41,"values":[0.9977,0.0011,0.0671,0,-0.0037,0.9992,0.0397,0,-0.067,-0.0399,0.9969,0,0,0.3039,0,1]},
{"frame":42,"values":[0.9974,0.0005,0.0715,0,-0.0039,0.9988,0.0474,0,-0.0714,-0.0476,0.9963,0,0,0.3039,0,1]},
{"frame":43,"values":[0.9971,-0.0002,0.0759,0,-0.004,0.9985,0.055,0,-0.0758,-0.0552,0.9956,0,0,0.3039,0,1]},
{"frame":44,"values":[0.9968,-0.0008,0.0804,0,-0.0042,0.998,0.0625,0,-0.0803,-0.0626,0.9948,0,0,0.3039,0,1]},
{"frame":45,"values":[0.9966,-0.0012,0.0826,0,-0.0043,0.9978,0.0659,0,-0.0825,-0.0661,0.9944,0,0,0.3039,0,1]},
{"frame":46,"values":[0.9964,-0.0015,0.0848,0,-0.0044,0.9976,0.0694,0,-0.0847,-0.0696,0.994,0,0,0.3039,0,1]},
{"frame":47,"values":[0.9962,-0.0018,0.087,0,-0.0045,0.9973,0.0728,0,-0.0869,-0.0729,0.9935,0,0,0.3039,0,1]},
{"frame":48,"values":[0.996,-0.0022,0.0892,0,-0.0046,0.9971,0.076,0,-0.0891,-0.0762,0.9931,0,0,0.3039,0,1]},
{"frame":49,"values":[0.9958,-0.0025,0.0915,0,-0.0048,0.9968,0.0795,0,-0.0914,-0.0796,0.9926,0,0,0.3039,0,1]},
{"frame":50,"values":[0.9956,-0.0029,0.0937,0,-0.0049,0.9965,0.0826,0,-0.0936,-0.0828,0.9922,0,0,0.3039,0,1]},
{"frame":51,"values":[0.9954,-0.0032,0.096,0,-0.0051,0.9963,0.0859,0,-0.0959,-0.0861,0.9917,0,0,0.3039,0,1]},
{"frame":52,"values":[0.9952,-0.0036,0.0982,0,-0.0052,0.996,0.089,0,-0.0981,-0.0891,0.9912,0,0,0.3039,0,1]},
{"frame":53,"values":[0.9949,-0.0039,0.1005,0,-0.0054,0.9957,0.0921,0,-0.1004,-0.0923,0.9907,0,0,0.3039,0,1]},
{"frame":54,"values":[0.9947,-0.0043,0.1027,0,-0.0056,0.9954,0.0951,0,-0.1027,-0.0952,0.9901,0,0,0.3039,0,1]},
{"frame":55,"values":[0.9945,-0.0046,0.105,0,-0.0057,0.9951,0.098,0,-0.105,-0.0981,0.9896,0,0,0.3039,0,1]},
{"frame":56,"values":[0.9942,-0.005,0.1073,0,-0.0059,0.9948,0.101,0,-0.1073,-0.1011,0.9891,0,0,0.3039,0,1]},
{"frame":57,"values":[0.994,-0.0053,0.1096,0,-0.0061,0.9946,0.1037,0,-0.1095,-0.1038,0.9885,0,0,0.3039,0,1]},
{"frame":58,"values":[0.9937,-0.0057,0.1119,0,-0.0064,0.9943,0.1066,0,-0.1119,-0.1067,0.988,0,0,0.3039,0,1]},
{"frame":59,"values":[0.9934,-0.006,0.1142,0,-0.0066,0.994,0.1092,0,-0.1142,-0.1093,0.9874,0,0,0.3039,0,1]},
{"frame":60,"values":[0.9997,-0.0019,-0.0244,0,-0.0034,0.9765,-0.2154,0,0.0242,0.2154,0.9762,0,0,0.3039,0,1]}],"loopBehavior":1,"name":"anim","property":"_matrix"}},
{"name":"wire_top_deform.006","index":9,"matrix":[0.9897,-0.103,-0.0998,0,0.0897,0.9875,-0.1293,0,0.1119,0.119,0.9866,0,0,0.3776,0,1],"rest":[0.9897,-0.103,-0.0998,0,0.0897,0.9875,-0.1293,0,0.1119,0.119,0.9866,0,0,0.3776,0,1],"parentBoneIndex":8,"length":0.2886
,"animation":{"dataType":3,"framePerSecond":60,"keys":[
{"frame":0,"values":[0.9897,-0.103,-0.0998,0,0.0897,0.9875,-0.1293,0,0.1119,0.119,0.9866,0,0,0.3776,0,1]},
{"frame":1,"values":[0.9897,-0.1029,-0.0992,0,0.0899,0.9878,-0.1274,0,0.1111,0.1172,0.9869,0,0,0.3776,0,1]},
{"frame":2,"values":[0.9898,-0.1028,-0.0986,0,0.0901,0.988,-0.1255,0,0.1103,0.1153,0.9872,0,0,0.3776,0,1]},
{"frame":3,"values":[0.9899,-0.1027,-0.098,0,0.0903,0.9882,-0.1235,0,0.1095,0.1134,0.9875,0,0,0.3776,0,1]},
{"frame":4,"values":[0.9899,-0.1026,-0.0974,0,0.0905,0.9884,-0.1216,0,0.1088,0.1115,0.9878,0,0,0.3776,0,1]},
{"frame":5,"values":[0.99,-0.1025,-0.0968,0,0.0907,0.9887,-0.1196,0,0.108,0.1096,0.9881,0,0,0.3776,0,1]},
{"frame":6,"values":[0.9901,-0.1025,-0.0962,0,0.0909,0.9889,-0.1177,0,0.1072,0.1077,0.9884,0,0,0.3776,0,1]},
{"frame":7,"values":[0.9901,-0.1024,-0.0955,0,0.0911,0.9891,-0.1157,0,0.1063,0.1058,0.9887,0,0,0.3776,0,1]},
{"frame":8,"values":[0.9902,-0.1023,-0.0949,0,0.0913,0.9893,-0.1137,0,0.1055,0.1039,0.989,0,0,0.3776,0,1]},
{"frame":9,"values":[0.9903,-0.1022,-0.0943,0,0.0915,0.9895,-0.1118,0,0.1047,0.102,0.9893,0,0,0.3775,0,1]},
{"frame":10,"values":[0.9904,-0.1022,-0.0936,0,0.0917,0.9897,-0.1098,0,0.1039,0.1001,0.9895,0,0,0.3776,0,1]},
{"frame":11,"values":[0.9904,-0.1021,-0.093,0,0.0919,0.9899,-0.1078,0,0.103,0.0982,0.9898,0,0,0.3776,0,1]},
{"frame":12,"values":[0.9905,-0.102,-0.0923,0,0.0921,0.9901,-0.1059,0,0.1022,0.0963,0.9901,0,0,0.3776,0,1]},
{"frame":13,"values":[0.9906,-0.102,-0.0916,0,0.0923,0.9903,-0.1039,0,0.1013,0.0944,0.9904,0,0,0.3775,0,1]},
{"frame":14,"values":[0.9906,-0.1019,-0.091,0,0.0925,0.9905,-0.1019,0,0.1005,0.0925,0.9906,0,0,0.3776,0,1]},
{"frame":15,"values":[0.9907,-0.1019,-0.0903,0,0.0927,0.9906,-0.0999,0,0.0996,0.0906,0.9909,0,0,0.3776,0,1]},
{"frame":16,"values":[0.9909,-0.1017,-0.0887,0,0.0932,0.9911,-0.0954,0,0.0976,0.0862,0.9915,0,0,0.3776,0,1]},
{"frame":17,"values":[0.991,-0.1016,-0.087,0,0.0937,0.9914,-0.0908,0,0.0955,0.0818,0.9921,0,0,0.3776,0,1]},
{"frame":18,"values":[0.9912,-0.1016,-0.0853,0,0.0942,0.9918,-0.0862,0,0.0934,0.0774,0.9926,0,0,0.3775,0,1]},
{"frame":19,"values":[0.9913,-0.1015,-0.0836,0,0.0947,0.9921,-0.0817,0,0.0912,0.073,0.9932,0,0,0.3775,0,1]},
{"frame":20,"values":[0.9915,-0.1015,-0.0819,0,0.0952,0.9925,-0.0771,0,0.089,0.0687,0.9937,0,0,0.3776,0,1]},
{"frame":21,"values":[0.9916,-0.1015,-0.0801,0,0.0958,0.9927,-0.0726,0,0.0868,0.0643,0.9942,0,0,0.3776,0,1]},
{"frame":22,"values":[0.9918,-0.1015,-0.0782,0,0.0963,0.993,-0.068,0,0.0845,0.0599,0.9946,0,0,0.3776,0,1]},
{"frame":23,"values":[0.9919,-0.1016,-0.0763,0,0.0968,0.9933,-0.0635,0,0.0822,0.0556,0.9951,0,0,0.3776,0,1]},
{"frame":24,"values":[0.992,-0.1016,-0.0743,0,0.0974,0.9935,-0.0589,0,0.0798,0.0512,0.9955,0,0,0.3776,0,1]},
{"frame":25,"values":[0.9922,-0.1017,-0.0724,0,0.0979,0.9937,-0.0545,0,0.0774,0.047,0.9959,0,0,0.3776,0,1]},
{"frame":26,"values":[0.9923,-0.1019,-0.0703,0,0.0985,0.9939,-0.05,0,0.075,0.0426,0.9963,0,0,0.3776,0,1]},
{"frame":27,"values":[0.9924,-0.102,-0.0682,0,0.099,0.994,-0.0454,0,0.0724,0.0383,0.9966,0,0,0.3776,0,1]},
{"frame":28,"values":[0.9926,-0.1021,-0.0661,0,0.0996,0.9942,-0.0409,0,0.0698,0.034,0.997,0,0,0.3776,0,1]},
{"frame":29,"values":[0.9927,-0.1023,-0.0639,0,0.1001,0.9943,-0.0365,0,0.0672,0.0298,0.9973,0,0,0.3776,0,1]},
{"frame":30,"values":[0.9928,-0.1025,-0.0616,0,0.1007,0.9944,-0.0321,0,0.0645,0.0256,0.9976,0,0,0.3776,0,1]},
{"frame":31,"values":[0.993,-0.1028,-0.0588,0,0.1014,0.9945,-0.0268,0,0.0613,0.0206,0.9979,0,0,0.3776,0,1]},
{"frame":32,"values":[0.9931,-0.1031,-0.056,0,0.102,0.9945,-0.0215,0,0.0579,0.0157,0.9982,0,0,0.3776,0,1]},
{"frame":33,"values":[0.9932,-0.1034,-0.0531,0,0.1027,0.9946,-0.0164,0,0.0544,0.0108,0.9985,0,0,0.3776,0,1]},
{"frame":34,"values":[0.9933,-0.1038,-0.0501,0,0.1033,0.9946,-0.0114,0,0.051,0.0061,0.9987,0,0,0.3776,0,1]},
{"frame":35,"values":[0.9934,-0.1042,-0.047,0,0.104,0.9945,-0.0063,0,0.0474,0.0014,0.9989,0,0,0.3776,0,1]},
{"frame":36,"values":[0.9936,-0.1046,-0.0438,0,0.1046,0.9945,-0.0013,0,0.0437,-0.0033,0.999,0,0,0.3776,0,1]},
{"frame":37,"values":[0.9936,-0.105,-0.0405,0,0.1052,0.9944,0.0036,0,0.0399,-0.0078,0.9992,0,0,0.3776,0,1]},
{"frame":38,"values":[0.9937,-0.1055,-0.0372,0,0.1058,0.9943,0.0084,0,0.0361,-0.0123,0.9993,0,0,0.3776,0,1]},
{"frame":39,"values":[0.9938,-0.1059,-0.0337,0,0.1064,0.9942,0.0131,0,0.0321,-0.0166,0.9993,0,0,0.3776,0,1]},
{"frame":40,"values":[0.9939,-0.1064,-0.0302,0,0.107,0.9941,0.0177,0,0.0281,-0.0208,0.9994,0,0,0.3776,0,1]},
{"frame":41,"values":[0.9939,-0.1069,-0.0266,0,0.1075,0.9939,0.0222,0,0.0241,-0.0249,0.9994,0,0,0.3776,0,1]},
{"frame":42,"values":[0.9939,-0.1074,-0.0229,0,0.108,0.9938,0.0266,0,0.0199,-0.0289,0.9994,0,0,0.3776,0,1]},
{"frame":43,"values":[0.994,-0.108,-0.0192,0,0.1085,0.9936,0.0308,0,0.0157,-0.0327,0.9993,0,0,0.3776,0,1]},
{"frame":44,"values":[0.994,-0.1085,-0.0153,0,0.109,0.9934,0.0348,0,0.0114,-0.0363,0.9993,0,0,0.3776,0,1]},
{"frame":45,"values":[0.994,-0.1088,-0.0135,0,0.1092,0.9933,0.0367,0,0.0094,-0.038,0.9992,0,0,0.3776,0,1]},
{"frame":46,"values":[0.994,-0.109,-0.0116,0,0.1094,0.9932,0.0386,0,0.0072,-0.0397,0.9992,0,0,0.3776,0,1]},
{"frame":47,"values":[0.994,-0.1093,-0.0097,0,0.1096,0.9931,0.0404,0,0.0052,-0.0413,0.9991,0,0,0.3775,0,1]},
{"frame":48,"values":[0.994,-0.1095,-0.0078,0,0.1098,0.993,0.0421,0,0.0031,-0.0428,0.9991,0,0,0.3775,0,1]},
{"frame":49,"values":[0.9939,-0.1098,-0.0058,0,0.1099,0.993,0.044,0,0.0009,-0.0444,0.999,0,0,0.3776,0,1]},
{"frame":50,"values":[0.9939,-0.11,-0.0038,0,0.1101,0.9929,0.0456,0,-0.0012,-0.0458,0.9989,0,0,0.3776,0,1]},
{"frame":51,"values":[0.9939,-0.1103,-0.0018,0,0.1102,0.9928,0.0473,0,-0.0034,-0.0473,0.9989,0,0,0.3776,0,1]},
{"frame":52,"values":[0.9939,-0.1105,0.0001,0,0.1104,0.9927,0.0489,0,-0.0056,-0.0486,0.9988,0,0,0.3776,0,1]},
{"frame":53,"values":[0.9938,-0.1107,0.0021,0,0.1105,0.9926,0.0505,0,-0.0078,-0.05,0.9987,0,0,0.3776,0,1]},
{"frame":54,"values":[0.9938,-0.111,0.0041,0,0.1106,0.9925,0.052,0,-0.0099,-0.0513,0.9986,0,0,0.3776,0,1]},
{"frame":55,"values":[0.9938,-0.1112,0.0061,0,0.1107,0.9924,0.0534,0,-0.0121,-0.0524,0.9985,0,0,0.3776,0,1]},
{"frame":56,"values":[0.9937,-0.1114,0.0082,0,0.1108,0.9923,0.0549,0,-0.0143,-0.0537,0.9984,0,0,0.3776,0,1]},
{"frame":57,"values":[0.9937,-0.1117,0.0102,0,0.1109,0.9922,0.0562,0,-0.0165,-0.0548,0.9984,0,0,0.3776,0,1]},
{"frame":58,"values":[0.9936,-0.1119,0.0123,0,0.111,0.9921,0.0576,0,-0.0187,-0.0559,0.9983,0,0,0.3776,0,1]},
{"frame":59,"values":[0.9936,-0.1121,0.0144,0,0.111,0.9921,0.0589,0,-0.0209,-0.0569,0.9982,0,0,0.3776,0,1]},
{"frame":60,"values":[0.9897,-0.103,-0.0998,0,0.0897,0.9875,-0.1293,0,0.1119,0.119,0.9866,0,0,0.3776,0,1]}],"loopBehavior":1,"name":"anim","property":"_matrix"}},
{"name":"wire_top_deform.007","index":10,"matrix":[0.9734,-0.197,-0.1169,0,0.1921,0.98,-0.0517,0,0.1247,0.0279,0.9918,0,0,0.2886,0,1],"rest":[0.9734,-0.197,-0.1169,0,0.1921,0.98,-0.0517,0,0.1247,0.0278,0.9918,0,0,0.2886,0,1],"parentBoneIndex":9,"length":0.1979
,"animation":{"dataType":3,"framePerSecond":60,"keys":[
{"frame":0,"values":[0.9734,-0.197,-0.1169,0,0.1921,0.98,-0.0517,0,0.1247,0.0279,0.9918,0,0,0.2886,0,1]},
{"frame":1,"values":[0.9735,-0.1971,-0.1165,0,0.1923,0.98,-0.0506,0,0.1241,0.0269,0.9919,0,0,0.2886,0,1]},
{"frame":2,"values":[0.9735,-0.1971,-0.1161,0,0.1925,0.98,-0.0496,0,0.1235,0.0259,0.992,0,0,0.2886,0,1]},
{"frame":3,"values":[0.9735,-0.1972,-0.1157,0,0.1928,0.98,-0.0485,0,0.1229,0.0249,0.9921,0,0,0.2886,0,1]},
{"frame":4,"values":[0.9735,-0.1973,-0.1153,0,0.193,0.98,-0.0474,0,0.1223,0.0239,0.9922,0,0,0.2886,0,1]},
{"frame":5,"values":[0.9736,-0.1974,-0.1148,0,0.1932,0.9801,-0.0464,0,0.1217,0.0229,0.9923,0,0,0.2886,0,1]},
{"frame":6,"values":[0.9736,-0.1974,-0.1144,0,0.1934,0.9801,-0.0453,0,0.1211,0.0219,0.9924,0,0,0.2886,0,1]},
{"frame":7,"values":[0.9737,-0.1975,-0.114,0,0.1936,0.9801,-0.0442,0,0.1204,0.021,0.9925,0,0,0.2886,0,1]},
{"frame":8,"values":[0.9737,-0.1976,-0.1136,0,0.1938,0.9801,-0.0431,0,0.1198,0.02,0.9926,0,0,0.2886,0,1]},
{"frame":9,"values":[0.9737,-0.1977,-0.1131,0,0.1941,0.9801,-0.042,0,0.1192,0.019,0.9927,0,0,0.2886,0,1]},
{"frame":10,"values":[0.9738,-0.1977,-0.1127,0,0.1943,0.9801,-0.0409,0,0.1185,0.018,0.9928,0,0,0.2886,0,1]},
{"frame":11,"values":[0.9738,-0.1978,-0.1123,0,0.1945,0.9801,-0.0398,0,0.1179,0.017,0.9929,0,0,0.2886,0,1]},
{"frame":12,"values":[0.9738,-0.1979,-0.1118,0,0.1947,0.9801,-0.0387,0,0.1172,0.016,0.993,0,0,0.2886,0,1]},
{"frame":13,"values":[0.9739,-0.198,-0.1113,0,0.1949,0.9801,-0.0376,0,0.1166,0.015,0.9931,0,0,0.2886,0,1]},
{"frame":14,"values":[0.9739,-0.1981,-0.1109,0,0.1951,0.9801,-0.0366,0,0.1159,0.014,0.9932,0,0,0.2886,0,1]},
{"frame":15,"values":[0.9739,-0.1981,-0.1104,0,0.1954,0.9801,-0.0355,0,0.1152,0.013,0.9933,0,0,0.2886,0,1]},
{"frame":16,"values":[0.974,-0.1983,-0.1093,0,0.1959,0.9801,-0.0329,0,0.1137,0.0106,0.9935,0,0,0.2886,0,1]},
{"frame":17,"values":[0.9741,-0.1985,-0.1082,0,0.1963,0.9801,-0.0303,0,0.1121,0.0083,0.9937,0,0,0.2886,0,1]},
{"frame":18,"values":[0.9742,-0.1987,-0.1071,0,0.1969,0.98,-0.0278,0,0.1104,0.006,0.9939,0,0,0.2886,0,1]},
{"frame":19,"values":[0.9743,-0.199,-0.1059,0,0.1974,0.98,-0.0252,0,0.1088,0.0037,0.9941,0,0,0.2886,0,1]},
{"frame":20,"values":[0.9744,-0.1992,-0.1046,0,0.1979,0.9799,-0.0227,0,0.107,0.0014,0.9943,0,0,0.2886,0,1]},
{"frame":21,"values":[0.9744,-0.1995,-0.1034,0,0.1985,0.9799,-0.0202,0,0.1053,-0.0008,0.9944,0,0,0.2886,0,1]},
{"frame":22,"values":[0.9745,-0.1998,-0.1021,0,0.199,0.9798,-0.0176,0,0.1035,-0.0032,0.9946,0,0,0.2886,0,1]},
{"frame":23,"values":[0.9746,-0.2001,-0.1007,0,0.1996,0.9798,-0.0151,0,0.1017,-0.0054,0.9948,0,0,0.2886,0,1]},
{"frame":24,"values":[0.9747,-0.2004,-0.0993,0,0.2001,0.9797,-0.0125,0,0.0998,-0.0077,0.995,0,0,0.2886,0,1]},
{"frame":25,"values":[0.9747,-0.2007,-0.0979,0,0.2007,0.9796,-0.0101,0,0.0979,-0.0098,0.9951,0,0,0.2886,0,1]},
{"frame":26,"values":[0.9748,-0.201,-0.0965,0,0.2012,0.9795,-0.0075,0,0.096,-0.0121,0.9953,0,0,0.2886,0,1]},
{"frame":27,"values":[0.9749,-0.2014,-0.095,0,0.2018,0.9794,-0.005,0,0.094,-0.0143,0.9955,0,0,0.2886,0,1]},
{"frame":28,"values":[0.975,-0.2017,-0.0934,0,0.2024,0.9793,-0.0025,0,0.0919,-0.0165,0.9956,0,0,0.2886,0,1]},
{"frame":29,"values":[0.9751,-0.2021,-0.0918,0,0.2029,0.9792,0,0,0.0899,-0.0187,0.9958,0,0,0.2886,0,1]},
{"frame":30,"values":[0.9751,-0.2025,-0.0901,0,0.2035,0.9791,0.0025,0,0.0877,-0.0208,0.9959,0,0,0.2886,0,1]},
{"frame":31,"values":[0.9752,-0.203,-0.0881,0,0.2042,0.9789,0.0055,0,0.0851,-0.0233,0.9961,0,0,0.2886,0,1]},
{"frame":32,"values":[0.9753,-0.2035,-0.0859,0,0.2049,0.9787,0.0084,0,0.0824,-0.0258,0.9963,0,0,0.2886,0,1]},
{"frame":33,"values":[0.9754,-0.204,-0.0837,0,0.2056,0.9786,0.0112,0,0.0796,-0.0282,0.9964,0,0,0.2886,0,1]},
{"frame":34,"values":[0.9755,-0.2045,-0.0814,0,0.2063,0.9784,0.014,0,0.0768,-0.0304,0.9966,0,0,0.2886,0,1]},
{"frame":35,"values":[0.9756,-0.2051,-0.0791,0,0.207,0.9782,0.0168,0,0.0739,-0.0327,0.9967,0,0,0.2886,0,1]},
{"frame":36,"values":[0.9756,-0.2056,-0.0766,0,0.2077,0.978,0.0195,0,0.0709,-0.035,0.9969,0,0,0.2886,0,1]},
{"frame":37,"values":[0.9757,-0.2062,-0.074,0,0.2083,0.9778,0.0222,0,0.0678,-0.0371,0.997,0,0,0.2886,0,1]},
{"frame":38,"values":[0.9758,-0.2068,-0.0714,0,0.209,0.9776,0.0248,0,0.0646,-0.0392,0.9971,0,0,0.2886,0,1]},
{"frame":39,"values":[0.9759,-0.2074,-0.0686,0,0.2096,0.9774,0.0274,0,0.0614,-0.0411,0.9973,0,0,0.2886,0,1]},
{"frame":40,"values":[0.9759,-0.208,-0.0658,0,0.2102,0.9772,0.0299,0,0.0581,-0.043,0.9974,0,0,0.2886,0,1]},
{"frame":41,"values":[0.976,-0.2086,-0.0629,0,0.2109,0.977,0.0323,0,0.0547,-0.0448,0.9975,0,0,0.2886,0,1]},
{"frame":42,"values":[0.976,-0.2092,-0.0599,0,0.2115,0.9768,0.0346,0,0.0512,-0.0465,0.9976,0,0,0.2886,0,1]},
{"frame":43,"values":[0.9761,-0.2098,-0.0567,0,0.212,0.9766,0.0368,0,0.0477,-0.048,0.9977,0,0,0.2886,0,1]},
{"frame":44,"values":[0.9762,-0.2104,-0.0535,0,0.2126,0.9764,0.039,0,0.044,-0.0494,0.9978,0,0,0.2886,0,1]},
{"frame":45,"values":[0.9762,-0.2107,-0.0519,0,0.2128,0.9763,0.0399,0,0.0423,-0.05,0.9978,0,0,0.2886,0,1]},
{"frame":46,"values":[0.9762,-0.211,-0.0503,0,0.2131,0.9762,0.0409,0,0.0405,-0.0507,0.9979,0,0,0.2886,0,1]},
{"frame":47,"values":[0.9762,-0.2113,-0.0487,0,0.2133,0.9761,0.0418,0,0.0387,-0.0512,0.9979,0,0,0.2886,0,1]},
{"frame":48,"values":[0.9762,-0.2116,-0.0471,0,0.2136,0.976,0.0426,0,0.0369,-0.0517,0.998,0,0,0.2886,0,1]},
{"frame":49,"values":[0.9763,-0.2118,-0.0454,0,0.2138,0.9759,0.0436,0,0.035,-0.0523,0.998,0,0,0.2886,0,1]},
{"frame":50,"values":[0.9763,-0.2121,-0.0437,0,0.214,0.9758,0.0443,0,0.0332,-0.0527,0.9981,0,0,0.2886,0,1]},
{"frame":51,"values":[0.9763,-0.2124,-0.042,0,0.2142,0.9757,0.0452,0,0.0313,-0.0532,0.9981,0,0,0.2886,0,1]},
{"frame":52,"values":[0.9763,-0.2127,-0.0402,0,0.2144,0.9757,0.0459,0,0.0295,-0.0535,0.9981,0,0,0.2886,0,1]},
{"frame":53,"values":[0.9763,-0.2129,-0.0385,0,0.2146,0.9756,0.0467,0,0.0276,-0.0539,0.9982,0,0,0.2886,0,1]},
{"frame":54,"values":[0.9763,-0.2132,-0.0367,0,0.2148,0.9755,0.0474,0,0.0257,-0.0542,0.9982,0,0,0.2886,0,1]},
{"frame":55,"values":[0.9763,-0.2134,-0.0349,0,0.2149,0.9754,0.048,0,0.0238,-0.0544,0.9982,0,0,0.2886,0,1]},
{"frame":56,"values":[0.9763,-0.2137,-0.0331,0,0.2151,0.9754,0.0487,0,0.0218,-0.0547,0.9983,0,0,0.2886,0,1]},
{"frame":57,"values":[0.9764,-0.2139,-0.0313,0,0.2153,0.9753,0.0493,0,0.0199,-0.0548,0.9983,0,0,0.2886,0,1]},
{"frame":58,"values":[0.9764,-0.2141,-0.0294,0,0.2154,0.9752,0.0499,0,0.018,-0.0551,0.9983,0,0,0.2886,0,1]},
{"frame":59,"values":[0.9764,-0.2144,-0.0275,0,0.2155,0.9752,0.0504,0,0.016,-0.0551,0.9983,0,0,0.2886,0,1]},
{"frame":60,"values":[0.9734,-0.197,-0.1169,0,0.1921,0.98,-0.0517,0,0.1247,0.0279,0.9918,0,0,0.2886,0,1]}],"loopBehavior":1,"name":"anim","property":"_matrix"}},
{"name":"wire_top_deform.008","index":11,"matrix":[0.4843,-0.178,-0.8566,0,0.1994,0.9758,-0.09,0,0.8518,-0.1273,0.5081,0,0,0.1979,0,1],"rest":[0.4843,-0.178,-0.8566,0,0.1995,0.9758,-0.09,0,0.8518,-0.1273,0.5081,0,0,0.1979,0,1],"parentBoneIndex":10,"length":0.0705
,"animation":{"dataType":3,"framePerSecond":60,"keys":[
{"frame":0,"values":[0.4843,-0.178,-0.8566,0,0.1994,0.9758,-0.09,0,0.8518,-0.1273,0.5081,0,0,0.1979,0,1]},
{"frame":1,"values":[0.4846,-0.1777,-0.8565,0,0.1997,0.9758,-0.0895,0,0.8516,-0.1277,0.5084,0,0,0.1979,0,1]},
